0 0 0
0.999749 -0.0223105 0.00227 -0.0999993
0.0222156 0.999119 0.0356053 0.0597606
-0.00306238 -0.0355459 0.999363 -1.04749
-0 -0 0 1
1 1 0
0.999589 -0.0272035 -0.00899571 -0.100684
0.0274971 0.999033 0.0343087 0.061689
0.0080537 -0.034542 0.999371 -1.04587
-0 -0 0 1
2 2 0
0.998282 -0.031338 -0.0495078 -0.0990457
0.033539 0.998456 0.0442709 0.0552484
0.048044 -0.0458553 0.997792 -1.06316
-0 -0 0 1
3 3 0
0.993735 -0.0253513 -0.108852 -0.0837773
0.0376941 0.992894 0.112877 0.0411928
0.105217 -0.116272 0.987629 -1.11393
-0 -0 0 1
4 4 0
0.981528 -0.015739 -0.190671 -0.106762
0.039377 0.991892 0.120827 0.0333498
0.187223 -0.126103 0.97419 -1.16242
-0 -0 0 1
5 5 0
0.941837 -0.00682821 -0.336002 -0.132067
0.0489438 0.991921 0.117035 0.0309089
0.332488 -0.126673 0.934562 -1.18775
-0 -0 0 1
6 6 0
0.858895 -0.00249125 -0.512146 -0.148173
0.0661629 0.992148 0.106132 0.0315836
0.50786 -0.125042 0.852316 -1.19814
-0 -0 0 1
7 7 0
0.792602 0.00722383 -0.609697 -0.150934
0.0715788 0.991914 0.104804 0.0234103
0.605524 -0.126709 0.785675 -1.21088
-0 -0 0 1
8 8 0
0.810499 0.0173027 -0.585484 -0.126279
0.0623056 0.991346 0.115548 0.0248978
0.582417 -0.130131 0.802407 -1.19311
-0 -0 0 1
9 9 0
0.898679 0.0290982 -0.43764 -0.0975599
0.035659 0.989647 0.139025 0.0272764
0.437154 -0.140545 0.888337 -1.15358
-0 -0 0 1
10 10 0
0.988213 0.0373699 -0.148457 -0.0734333
-0.0133575 0.987098 0.159559 0.0294598
0.152504 -0.155696 0.975962 -1.13777
-0 -0 0 1
11 11 0
0.970694 0.0376359 0.237353 -0.0481975
-0.077686 0.983775 0.161717 0.0318258
-0.227416 -0.175417 0.957868 -1.13508
-0 -0 0 1
12 12 0
0.853018 0.0285885 0.521098 -0.0339528
-0.123076 0.981355 0.147631 0.0300062
-0.507161 -0.190066 0.840632 -1.14967
-0 -0 0 1
13 13 0
0.707656 0.0157556 0.706381 -0.0495996
-0.148322 0.980787 0.126714 0.022397
-0.690814 -0.194442 0.696397 -1.21639
-0 -0 0 1
14 14 0
0.627536 -0.000707849 0.778587 -0.0316748
-0.149537 0.981273 0.121418 -0.00655968
-0.764093 -0.192621 0.615678 -1.30959
-0 -0 0 1
15 15 0
0.589866 -0.0199188 0.807256 -0.0216759
-0.141793 0.981608 0.12783 -0.0678484
-0.794955 -0.189866 0.576193 -1.3891
-0 -0 0 1
16 16 0
0.613086 -0.0451063 0.788728 0.0109926
-0.1249 0.980279 0.153147 -0.124245
-0.780081 -0.192404 0.595361 -1.50301
-0 -0 0 1
17 17 0
0.697022 -0.0708118 0.713545 0.0173538
-0.105588 0.974128 0.199815 -0.153968
-0.709233 -0.214617 0.671512 -1.60588
-0 -0 0 1
18 18 0
0.833774 -0.0608029 0.548748 0.0298539
-0.076261 0.971707 0.22354 -0.163428
-0.546814 -0.22823 0.805547 -1.71684
-0 -0 0 1
19 19 0
0.914159 -0.0588591 0.40106 0.0583178
-0.0594601 0.959228 0.276306 -0.176536
-0.400971 -0.276435 0.873388 -1.8484
-0 -0 0 1
20 20 0
0.974183 -0.028249 0.223984 0.173032
-0.0398846 0.954998 0.293917 -0.193654
-0.222207 -0.295263 0.929217 -1.98847
-0 -0 0 1
21 21 0
0.996684 0.00729943 0.0810393 0.272343
-0.0319914 0.950912 0.307804 -0.202673
-0.0748144 -0.309376 0.947992 -2.08345
-0 -0 0 1
22 22 0
0.977118 0.0652819 -0.202433 0.362981
0.0011412 0.950112 0.311907 -0.201532
0.212696 -0.305001 0.928297 -2.11133
-0 -0 0 1
23 23 0
0.899377 0.13223 -0.416697 0.309834
0.00963081 0.946937 0.321276 -0.20733
0.437068 -0.292962 0.850379 -2.1179
-0 -0 0 1
24 24 0
0.896641 0.165341 -0.410727 0.162219
-0.0216324 0.942908 0.33235 -0.209076
0.442229 -0.289114 0.849027 -2.1062
-0 -0 0 1
25 25 0
0.931029 0.165589 -0.325217 0.0155061
-0.0461293 0.937386 0.345225 -0.210584
0.362019 -0.306412 0.880371 -2.09242
-0 -0 0 1
26 26 0
0.933358 0.144576 -0.328543 -0.136905
-0.0373452 0.949443 0.31171 -0.224422
0.356999 -0.278668 0.891569 -2.10217
-0 -0 0 1
27 27 0
0.939187 0.100442 -0.328389 -0.271723
-0.0241412 0.973214 0.228628 -0.22695
0.342557 -0.206797 0.916455 -2.10815
-0 -0 0 1
28 28 0
0.956267 0.0659498 -0.284964 -0.414351
-0.0112074 0.981796 0.18961 -0.221082
0.292281 -0.178124 0.939598 -2.12283
-0 -0 0 1
29 29 0
0.968929 0.0339458 -0.245 -0.555489
0.00599662 0.987022 0.160471 -0.220365
0.247268 -0.156954 0.956151 -2.12747
-0 -0 0 1
30 30 0
0.989008 0.0150117 -0.147101 -0.665688
0.00940518 0.986432 0.163899 -0.215867
0.147566 -0.163481 0.975448 -2.08936
-0 -0 0 1
31 31 0
0.999346 -0.000520172 0.0361636 -0.74543
-0.00614064 0.982939 0.183829 -0.228103
-0.0356422 -0.183931 0.982293 -2.0241
-0 -0 0 1
32 32 0
0.949151 -0.0210208 0.31412 -0.778604
-0.0428295 0.97987 0.194987 -0.222359
-0.311896 -0.198526 0.929144 -1.99535
-0 -0 0 1
33 33 0
0.792559 -0.0491189 0.607814 -0.766683
-0.0900669 0.976389 0.196347 -0.220348
-0.603108 -0.21036 0.769422 -2.013
-0 -0 0 1
34 34 0
0.537483 -0.0894073 0.838521 -0.779348
-0.132875 0.972963 0.188913 -0.221977
-0.83274 -0.212956 0.511071 -2.0604
-0 -0 0 1
35 35 0
0.309725 -0.161424 0.937023 -0.846776
-0.155152 0.963695 0.217303 -0.223573
-0.938082 -0.212685 0.273435 -2.10484
-0 -0 0 1
36 36 0
0.206921 -0.195306 0.958665 -0.897139
-0.158277 0.960282 0.229798 -0.228155
-0.96547 -0.199285 0.16779 -2.1471
-0 -0 0 1
37 37 0
0.104436 -0.145326 0.983856 -0.916652
-0.157835 0.974307 0.160669 -0.224193
-0.981927 -0.172067 0.0788154 -2.14277
-0 -0 0 1
38 38 0
0.118881 0.0431554 0.99197 -0.919075
-0.127961 0.99139 -0.0277949 -0.226658
-0.984629 -0.123629 0.123379 -2.14039
-0 -0 0 1
39 39 0
0.446948 0.0629528 0.892342 -0.85422
-0.0825202 0.996169 -0.0289457 -0.228359
-0.890746 -0.060699 0.45043 -2.12191
-0 -0 0 1
40 40 0
0.704375 0.0464184 0.708309 -0.760611
-0.0291157 0.998909 -0.0365086 -0.224924
-0.709231 0.00509279 0.704958 -2.08505
-0 -0 0 1
41 41 0
0.929698 -0.0052717 0.368284 -0.644122
0.0250441 0.998488 -0.0489288 -0.226297
-0.36747 0.0547123 0.928425 -2.05068
-0 -0 0 1
42 42 0
0.996448 -0.0744378 -0.0393767 -0.533021
0.071795 0.995316 -0.0647371 -0.226094
0.0440112 0.0616801 0.997125 -2.03809
-0 -0 0 1
43 43 0
0.886612 -0.122659 -0.445953 -0.407562
0.105402 0.992406 -0.0634071 -0.22742
0.450344 0.00921302 0.892808 -2.03407
-0 -0 0 1
44 44 0
0.740194 -0.113225 -0.662792 -0.266604
0.130654 0.991152 -0.0234067 -0.230303
0.659577 -0.0692711 0.748438 -2.05558
-0 -0 0 1
45 45 0
0.620084 -0.0754427 -0.7809 -0.137618
0.142584 0.989626 0.0176127 -0.226466
0.77147 -0.122265 0.624408 -2.06138
-0 -0 0 1
46 46 0
0.499955 -0.0331457 -0.865417 0.0130073
0.146151 0.988165 0.0465848 -0.222234
0.85363 -0.149771 0.498882 -2.06396
-0 -0 0 1
47 47 0
0.354511 -0.00472406 -0.93504 0.127959
0.147139 0.987811 0.0507955 -0.216489
0.923403 -0.155588 0.350885 -2.02413
-0 -0 0 1
48 48 0
0.200349 -0.145837 -0.96881 0.149812
0.153495 0.98132 -0.115977 -0.206056
0.967626 -0.125472 0.218991 -1.95666
-0 -0 0 1
49 49 0
0.274613 -0.25823 -0.926232 0.0380628
0.173163 0.960797 -0.216526 -0.208464
0.945834 -0.100928 0.308564 -1.95389
-0 -0 0 1
50 50 0
0.447168 -0.308051 -0.839729 -0.0869099
0.196263 0.949735 -0.243893 -0.208405
0.872652 -0.0557464 0.48515 -1.99528
-0 -0 0 1
51 51 0
0.698025 -0.264773 -0.665324 -0.22699
0.18727 0.964291 -0.187276 -0.208702
0.691152 0.00612831 0.722683 -1.97886
-0 -0 0 1
52 52 0
0.891482 -0.182759 -0.414559 -0.323805
0.135846 0.980754 -0.140238 -0.199296
0.43221 0.0687034 0.899152 -1.9359
-0 -0 0 1
53 53 0
0.998103 -0.0591032 -0.0172505 -0.390385
0.0568518 0.992273 -0.110286 -0.189882
0.0236355 0.109097 0.99375 -1.85732
-0 -0 0 1
54 54 0
0.917787 0.0810865 0.388705 -0.407181
-0.0289329 0.989981 -0.138202 -0.183069
-0.396017 0.115594 0.910938 -1.77892
-0 -0 0 1
55 55 0
0.722386 0.18939 0.665048 -0.328941
-0.0848815 0.978775 -0.186532 -0.158215
-0.68626 0.0782982 0.723129 -1.65498
-0 -0 0 1
56 56 0
0.78752 0.0765339 0.611518 -0.264669
-0.0149616 0.994341 -0.105178 -0.131254
-0.616107 0.0736806 0.784209 -1.56072
-0 -0 0 1
57 57 0
0.889971 0.00080734 0.456016 -0.20706
0.0178177 0.999173 -0.0365423 -0.117354
-0.455668 0.0406468 0.889221 -1.48712
-0 -0 0 1
58 58 0
0.901796 -0.0200723 0.431696 -0.158814
0.0238361 0.99971 -0.00330969 -0.0627744
-0.431505 0.0132746 0.902013 -1.39154
-0 -0 0 1
59 59 0
0.900308 -0.0223016 0.434682 -0.0731517
0.0232831 0.999724 0.00306759 -0.00239534
-0.43463 0.00735898 0.900579 -1.30893
-0 -0 0 1
60 60 0
0.914127 -0.0222637 0.404816 0.119857
0.0272245 0.999608 -0.00650083 0.0175489
-0.404512 0.0169635 0.914375 -1.2545
-0 -0 0 1
61 61 0
0.996711 -0.0510636 0.0629321 0.315383
0.0531814 0.998058 -0.0324477 0.0368075
-0.0611529 0.0356878 0.99749 -1.26139
-0 -0 0 1
62 62 0
0.98064 -0.0862326 -0.17581 0.508023
0.0831939 0.99623 -0.0245957 0.0291023
0.177268 0.00949324 0.984117 -1.2617
-0 -0 0 1
63 63 0
0.91585 -0.0936329 -0.390451 0.709214
0.101324 0.994853 -0.000904928 0.0283391
0.388527 -0.0387334 0.920623 -1.28439
-0 -0 0 1
64 64 0
0.795293 -0.0749375 -0.601576 0.874596
0.112673 0.993312 0.0252201 0.00210166
0.595663 -0.0878389 0.798417 -1.26708
-0 -0 0 1
65 65 0
0.591481 -0.0666773 -0.803557 1.02332
0.125781 0.992005 0.0102706 -0.0247852
0.796448 -0.107147 0.595139 -1.19859
-0 -0 0 1
66 66 0
0.394155 -0.068238 -0.916507 1.15233
0.133726 0.990885 -0.0162653 -0.0593399
0.909263 -0.11615 0.399687 -1.0879
-0 -0 0 1
67 67 0
0.285057 -0.0591744 -0.956682 1.27076
0.137734 0.990263 -0.0202119 -0.0651305
0.948563 -0.126006 0.290431 -0.95447
-0 -0 0 1
68 68 0
0.257491 -0.047798 -0.965098 1.40174
0.1359 0.99064 -0.0128044 -0.0610614
0.956676 -0.12786 0.261577 -0.821631
-0 -0 0 1
69 69 0
0.216558 -0.0387197 -0.975502 1.5436
0.132016 0.991197 -0.0100356 -0.0620144
0.967303 -0.126609 0.219763 -0.674475
-0 -0 0 1
70 70 0
0.161106 -0.0361023 -0.986277 1.67222
0.130131 0.991383 -0.0150326 -0.0548367
0.97832 -0.125924 0.164415 -0.573691
-0 -0 0 1
71 71 0
0.0981519 -0.0328755 -0.994628 1.82454
0.12819 0.991546 -0.0201236 -0.0617075
0.986881 -0.125526 0.101536 -0.444795
-0 -0 0 1
72 72 0
0.057291 -0.0365496 -0.997688 1.95998
0.128306 0.991312 -0.0289482 -0.0625334
0.990078 -0.126351 0.0614828 -0.294259
-0 -0 0 1
73 73 0
0.0656887 -0.039793 -0.997046 2.10484
0.127938 0.991293 -0.0311344 -0.0584413
0.989604 -0.125514 0.0702078 -0.156726
-0 -0 0 1
74 74 0
0.0766579 -0.0362844 -0.996397 2.23364
0.126821 0.991576 -0.0263519 -0.0559809
0.988959 -0.124344 0.0806137 -0.0229435
-0 -0 0 1
75 75 0
0.0618434 -0.0270573 -0.997719 2.38033
0.125856 0.991865 -0.0190973 -0.0504933
0.990119 -0.124388 0.0647456 0.104399
-0 -0 0 1
76 76 0
-0.00694463 -0.0196445 -0.999783 2.50948
0.127806 0.99159 -0.0203713 -0.0452155
0.991775 -0.127919 -0.00437554 0.261629
-0 -0 0 1
77 77 0
-0.175557 -0.0217735 -0.984228 2.60896
0.126995 0.990901 -0.0445732 -0.0433605
0.976244 -0.132817 -0.171194 0.378227
-0 -0 0 1
78 78 0
-0.297446 -0.00549991 -0.954723 2.71275
0.127998 0.990726 -0.0455856 -0.0230639
0.946119 -0.135762 -0.293984 0.517357
-0 -0 0 1
79 79 0
-0.367012 -0.00168827 -0.930215 2.78137
0.124257 0.990948 -0.0508234 -0.00537414
0.92188 -0.134238 -0.36348 0.690183
-0 -0 0 1
80 80 0
-0.447145 0.0038399 -0.894453 2.84595
0.11772 0.991545 -0.0545928 0.0280292
0.886681 -0.129706 -0.443817 0.8467
-0 -0 0 1
81 81 0
-0.438952 0.0170662 -0.898349 2.88378
0.1137 0.992837 -0.036695 0.0663866
0.891288 -0.11825 -0.437748 1.02908
-0 -0 0 1
82 82 0
-0.317731 0.0346218 -0.947548 2.83202
0.105745 0.994393 0.000875239 0.0825168
0.942266 -0.09992 -0.319611 1.14928
-0 -0 0 1
83 83 0
-0.103337 0.0463352 -0.993567 2.67297
0.0901727 0.995237 0.0370346 0.0377782
0.990551 -0.0857655 -0.107023 1.22223
-0 -0 0 1
84 84 0
-0.0321832 0.0468324 -0.998384 2.50793
0.0818281 0.995672 0.0440674 0.0265145
0.996127 -0.0802776 -0.0358761 1.27591
-0 -0 0 1
85 85 0
0.0807401 0.0322303 -0.996214 2.33012
0.0768986 0.996297 0.0384653 0.0275
0.993764 -0.0797132 0.0779626 1.37151
-0 -0 0 1
86 86 0
0.181985 0.0178172 -0.98314 2.12139
0.0737462 0.996773 0.0317152 0.0395755
0.980532 -0.0782746 0.180084 1.45773
-0 -0 0 1
87 87 0
0.15623 -0.00374667 -0.987714 1.8995
0.0816782 0.996617 0.00913887 0.0483115
0.984338 -0.0821025 0.156007 1.52169
-0 -0 0 1
88 88 0
0.00457758 -0.0276678 -0.999607 1.69709
0.0977866 0.994839 -0.027088 0.0544843
0.995197 -0.0976241 0.00725949 1.57844
-0 -0 0 1
89 89 0
-0.175137 -0.0403625 -0.983716 1.47791
0.112725 0.991767 -0.0607619 0.0578365
0.97807 -0.121531 -0.169145 1.5976
-0 -0 0 1
90 90 0
-0.262213 -0.0444989 -0.963984 1.2588
0.122294 0.98935 -0.0789351 0.0625361
0.95723 -0.138587 -0.253978 1.62338
-0 -0 0 1
91 91 0
-0.318233 -0.0505782 -0.946662 1.04083
0.125884 0.987478 -0.0950765 0.0674353
0.939617 -0.149426 -0.307881 1.63389
-0 -0 0 1
92 92 0
-0.389234 -0.0541539 -0.919546 0.832224
0.123473 0.986194 -0.110344 0.0610501
0.912826 -0.156489 -0.377174 1.61219
-0 -0 0 1
93 93 0
-0.408078 -0.0597131 -0.910992 0.62107
0.126725 0.984494 -0.121297 0.0625563
0.904109 -0.164944 -0.394183 1.61532
-0 -0 0 1
94 94 0
-0.432759 -0.0610462 -0.89944 0.408268
0.125045 0.983996 -0.12695 0.0656256
0.892795 -0.167409 -0.418199 1.65413
-0 -0 0 1
95 95 0
-0.456275 -0.0619641 -0.887679 0.195971
0.125258 0.983167 -0.133013 0.0645501
0.880979 -0.171879 -0.440833 1.67002
-0 -0 0 1
96 96 0
-0.479187 -0.0633935 -0.875421 -0.0076665
0.12363 0.98257 -0.138825 0.0581866
0.868962 -0.174752 -0.462997 1.67742
-0 -0 0 1
97 97 0
-0.572785 -0.0641543 -0.817192 -0.216487
0.118177 0.980055 -0.159773 0.0601185
0.811142 -0.188089 -0.553779 1.69053
-0 -0 0 1
98 98 0
-0.598612 -0.0592258 -0.798846 -0.417601
0.118784 0.979674 -0.161643 0.0616747
0.792183 -0.191652 -0.57941 1.67593
-0 -0 0 1
99 99 0
-0.566279 -0.0557581 -0.822326 -0.633643
0.123523 0.9807 -0.151559 0.0580796
0.814905 -0.187401 -0.548462 1.655
-0 -0 0 1
100 100 0
-0.546263 -0.0599624 -0.835465 -0.847428
0.11882 0.9818 -0.148155 0.0527924
0.829143 -0.180202 -0.529196 1.63037
-0 -0 0 1
101 101 0
-0.555059 -0.0643467 -0.829318 -1.06933
0.115429 0.981399 -0.153403 0.0434503
0.823763 -0.180875 -0.537307 1.58807
-0 -0 0 1
102 102 0
-0.559629 -0.0624172 -0.82639 -1.27359
0.11355 0.981981 -0.151065 0.0389482
0.820928 -0.178377 -0.542457 1.55271
-0 -0 0 1
103 103 0
-0.580559 -0.0608708 -0.811939 -1.46588
0.110877 0.982002 -0.1529 0.0481597
0.806633 -0.178793 -0.563361 1.54778
-0 -0 0 1
104 104 0
-0.657644 -0.0486798 -0.751755 -1.63809
0.103168 0.982688 -0.153886 0.0766402
0.746231 -0.178759 -0.641236 1.541
-0 -0 0 1
105 105 0
-0.776743 -0.00366186 -0.629807 -1.81958
0.0851479 0.990192 -0.11077 0.0968867
0.624035 -0.139667 -0.768813 1.52865
-0 -0 0 1
106 106 0
-0.800419 0.0781513 -0.594325 -2.0061
0.06844 0.996896 0.0389149 0.0904601
0.595521 -0.00952742 -0.803283 1.49493
-0 -0 0 1
107 107 0
-0.782214 0.0889816 -0.616623 -2.20292
0.044522 0.995201 0.0871341 0.0884868
0.621417 0.0407043 -0.782422 1.46488
-0 -0 0 1
108 108 0
-0.870849 0.0665273 -0.487027 -2.35568
0.0156655 0.994052 0.107775 0.0811645
0.491301 0.086226 -0.866712 1.39628
-0 -0 0 1
109 109 0
-0.983545 -0.0139529 -0.180125 -2.45848
-0.0332944 0.993935 0.104806 0.0577082
0.17757 0.109079 -0.978044 1.3238
-0 -0 0 1
110 110 0
-0.958397 -0.115806 0.260893 -2.51405
-0.0853825 0.988463 0.125105 0.0140496
-0.272371 0.0976249 -0.957227 1.25369
-0 -0 0 1
111 111 0
-0.738696 -0.230741 0.633314 -2.61383
-0.146775 0.972099 0.182976 -0.0102782
-0.657864 0.0422086 -0.751953 1.1711
-0 -0 0 1
112 112 0
-0.49925 -0.289672 0.816602 -2.76649
-0.18896 0.956175 0.223657 -0.0237753
-0.845602 -0.0426444 -0.532107 1.10485
-0 -0 0 1
113 113 0
-0.259844 -0.307767 0.915293 -2.90233
-0.207211 0.943542 0.25844 -0.0311773
-0.943157 -0.122504 -0.308947 1.01266
-0 -0 0 1
114 114 0
-0.0229795 -0.302974 0.952722 -3.01457
-0.210094 0.933156 0.291684 -0.0400457
-0.977411 -0.193459 -0.0850965 0.915404
-0 -0 0 1
115 115 0
0.18623 -0.210107 0.959778 -3.08893
-0.200635 0.948149 0.246492 -0.0831959
-0.961802 -0.23847 0.134419 0.804101
-0 -0 0 1
116 116 0
0.379602 -0.0795265 0.921725 -3.08448
-0.181934 0.970427 0.158656 -0.0954395
-0.907084 -0.227919 0.353908 0.708137
-0 -0 0 1
117 117 0
0.512147 -0.0387246 0.858024 -2.99744
-0.147712 0.980128 0.132403 -0.0987116
-0.846101 -0.19455 0.49625 0.605937
-0 -0 0 1
118 118 0
0.578407 -0.0364348 0.814934 -2.9081
-0.120013 0.984331 0.129189 -0.10284
-0.806872 -0.172526 0.564971 0.508136
-0 -0 0 1
119 119 0
0.602703 -0.0429088 0.796811 -2.82848
-0.103696 0.985874 0.131525 -0.092634
-0.7912 -0.161897 0.58974 0.375476
-0 -0 0 1
120 120 0
0.604148 -0.0518175 0.795186 -2.73762
-0.0956971 0.985944 0.136955 -0.100312
-0.791105 -0.158838 0.590697 0.254529
-0 -0 0 1
121 121 0
0.554817 -0.0540078 0.830218 -2.6414
-0.0984685 0.986614 0.129986 -0.139354
-0.826125 -0.153869 0.542072 0.134116
-0 -0 0 1
122 122 0
0.56742 -0.0837056 0.819163 -2.52402
-0.0949534 0.981532 0.16607 -0.126124
-0.817936 -0.172013 0.548992 0.0333458
-0 -0 0 1
123 123 0
0.634747 -0.148811 0.758256 -2.42478
-0.0910737 0.960034 0.264651 -0.10467
-0.767334 -0.237043 0.595826 -0.0622253
-0 -0 0 1
124 124 0
0.709032 -0.175797 0.682912 -2.30388
-0.0920335 0.937075 0.336778 -0.0963005
-0.699145 -0.301637 0.648237 -0.164969
-0 -0 0 1
125 125 0
0.741942 -0.162808 0.650396 -2.19558
-0.108599 0.928077 0.356202 -0.0953073
-0.66161 -0.334914 0.670899 -0.270821
-0 -0 0 1
126 126 0
0.726662 -0.163192 0.667331 -2.06538
-0.133272 0.919437 0.369965 -0.080777
-0.673944 -0.357776 0.646371 -0.413235
-0 -0 0 1
127 127 0
0.588625 -0.201487 0.782894 0.62311
0.0999562 0.97915 0.176843 0.155144
-0.802203 -0.0258392 0.596493 -0.967254
-0 -0 0 1
128 128 0
0.76189 -0.162371 0.627024 -1.82415
-0.148776 0.898313 0.4134 -0.0558104
-0.630388 -0.408252 0.660259 -0.677078
-0 -0 0 1
129 129 0
0.764061 -0.172255 0.621722 -1.6992
-0.16095 0.882328 0.442257 -0.0564596
-0.624744 -0.437978 0.646428 -0.808467
-0 -0 0 1
130 130 0
0.824218 -0.145879 0.54716 -1.57447
-0.139351 0.884284 0.445672 -0.07055
-0.548859 -0.443578 0.708514 -0.950741
-0 -0 0 1
131 131 0
0.890478 -0.0989859 0.444128 -1.45107
-0.121687 0.888697 0.442053 -0.0559908
-0.438452 -0.447683 0.77932 -1.05233
-0 -0 0 1
132 132 0
0.962005 -0.0147449 0.272634 -1.31353
-0.0848433 0.932963 0.349832 -0.0230412
-0.259516 -0.359671 0.896263 -1.1478
-0 -0 0 1
133 133 0
0.995694 0.0370475 -0.0849714 -1.19979
-0.02351 0.987617 0.155111 0.0183575
0.0896657 -0.152445 0.984236 -1.21413
-0 -0 0 1
134 134 0
0.875184 -0.00800164 -0.483724 -1.04481
0.0509388 0.99583 0.0756889 0.0322141
0.481101 -0.090882 0.871942 -1.20413
-0 -0 0 1
135 135 0
0.879282 -0.0267764 -0.475547 -0.883585
0.0818226 0.992068 0.0954292 -0.0427395
0.46922 -0.12282 0.874499 -1.1404
-0 -0 0 1
136 136 0
0.895865 -0.0111254 -0.444188 -0.685341
0.0889583 0.983937 0.154772 -0.0507224
0.435331 -0.178169 0.882464 -1.1073
-0 -0 0 1
137 137 0
0.913808 -0.0103832 -0.406015 -0.492826
0.0866475 0.981643 0.169912 -0.0418283
0.396797 -0.190447 0.897932 -1.08355
-0 -0 0 1
138 138 0
0.944614 -0.008609 -0.328072 -0.289714
0.0735521 0.97978 0.186067 -0.0395802
0.319836 -0.199892 0.926147 -1.08841
-0 -0 0 1
139 139 0
0.970863 -0.0123003 -0.239319 -0.0835914
0.0595316 0.979754 0.19115 -0.0332613
0.232123 -0.199827 0.951939 -1.08142
-0 -0 0 1
140 140 0
0.988331 -0.0202296 -0.150974 0.102732
0.0471253 0.983124 0.176767 -0.0259539
0.14485 -0.181819 0.972605 -1.07019
-0 -0 0 1
141 141 0
0.998387 -0.0252131 -0.0508684 0.280646
0.0336974 0.984253 0.173527 -0.0128942
0.0456922 -0.174961 0.983515 -1.0738
-0 -0 0 1
142 142 0
0.938053 -0.0281495 0.345347 0.407719
-0.038531 0.982038 0.184707 0.0298782
-0.344343 -0.186572 0.920119 -0.995733
-0 -0 0 1
143 143 0
0.858291 -0.0378026 0.51177 0.509744
-0.0732697 0.978038 0.195125 0.0676671
-0.507906 -0.204971 0.836671 -0.833895
-0 -0 0 1
144 144 0
0.803211 -0.0870225 0.589303 0.582944
-0.0911372 0.959674 0.265934 0.079696
-0.588681 -0.267309 0.76289 -0.668893
-0 -0 0 1
145 145 0
0.773483 -0.103743 0.625269 0.627962
-0.0958254 0.956033 0.277162 0.0681607
-0.626531 -0.274297 0.729534 -0.529772
-0 -0 0 1
146 146 0
0.840133 -0.083197 0.535962 0.633735
-0.0710482 0.96277 0.26082 0.062539
-0.537707 -0.257202 0.802943 -0.431644
-0 -0 0 1
147 147 0
0.965583 -0.0485091 0.255531 0.634349
-0.017081 0.968506 0.248403 0.0643316
-0.259533 -0.244218 0.934345 -0.356017
-0 -0 0 1
148 148 0
0.999744 -0.0136027 -0.0180887 0.614992
0.0173834 0.973311 0.22883 0.0610745
0.0144932 -0.229086 0.973298 -0.302852
-0 -0 0 1
149 149 0
0.938542 0.0207466 -0.34454 0.594039
0.0525256 0.977982 0.201972 0.064431
0.341144 -0.207656 0.916788 -0.254381
-0 -0 0 1
150 150 0
0.814728 0.0475171 -0.577893 0.561893
0.0713534 0.980846 0.181245 0.0634009
0.575437 -0.1889 0.795732 -0.198112
-0 -0 0 1
151 151 0
0.636078 0.0708908 -0.768361 0.602945
0.0854444 0.983176 0.161444 0.0615178
0.766879 -0.168343 0.61932 -0.175747
-0 -0 0 1
152 152 0
0.373259 0.10371 -0.921912 0.630308
0.0952688 0.984194 0.149288 0.0624722
0.922823 -0.143553 0.357478 -0.114701
-0 -0 0 1
153 153 0
0.0986994 0.140629 -0.98513 0.644985
0.0949157 0.98412 0.149995 0.0579685
0.99058 -0.108309 0.0837841 -0.0457502
-0 -0 0 1
154 154 0
-0.220847 0.144973 -0.964474 0.679205
0.0830984 0.988092 0.129495 0.0577589
0.971762 -0.0515475 -0.230265 0.0135409
-0 -0 0 1
155 155 0
-0.510263 0.129564 -0.850203 0.723876
0.0634569 0.991564 0.113022 0.0580273
0.857674 0.00371962 -0.51418 0.0928562
-0 -0 0 1
156 156 0
-0.748743 0.0867687 -0.657157 0.743175
0.0354699 0.99522 0.0909921 0.0561288
0.661911 0.0448205 -0.748242 0.166711
-0 -0 0 1
157 157 0
-0.808148 0.0660072 -0.585269 0.773223
0.0164347 0.995841 0.0896186 0.0503672
0.58875 0.0628064 -0.805871 0.242653
-0 -0 0 1
158 158 0
-0.840888 0.047817 -0.539093 0.80574
0.0161291 0.997861 0.0633508 0.0588466
0.540969 0.0445758 -0.83986 0.341676
-0 -0 0 1
159 159 0
-0.919205 0.00696065 -0.393718 0.8275
0.0153723 0.999716 -0.0182151 0.066138
0.393479 -0.0227958 -0.919051 0.413576
-0 -0 0 1
160 160 0
-0.976174 0.00480486 -0.216936 0.83866
0.010318 0.999652 -0.0242881 0.0319009
0.216744 -0.0259478 -0.975884 0.44497
-0 -0 0 1
161 161 0
-0.998978 -0.000894579 0.0452002 0.825258
-0.00355935 0.998257 -0.0589088 0.00883124
-0.0450687 -0.0590095 -0.99724 0.390673
-0 -0 0 1
162 162 0
-0.9622 0.00733852 0.272246 0.740325
-0.0152678 0.996611 -0.0808251 0.017246
-0.271917 -0.0819265 -0.958827 0.368412
-0 -0 0 1
163 163 0
-0.942503 0.00709854 0.334122 0.611047
-0.0128437 0.998266 -0.0574385 -0.0230056
-0.33395 -0.0584273 -0.940778 0.378751
-0 -0 0 1
164 164 0
-0.89332 -0.05614 0.445902 0.450156
-0.021656 0.996392 0.0820624 -0.0281855
-0.4489 0.0636515 -0.891312 0.413659
-0 -0 0 1
165 165 0
-0.847811 -0.110708 0.518613 0.261293
-0.0438506 0.989252 0.13949 -0.0201225
-0.528482 0.0955201 -0.843554 0.450836
-0 -0 0 1
166 166 0
-0.773096 -0.153397 0.61546 0.0787333
-0.0688096 0.984872 0.159036 -0.0144255
-0.630545 0.0806005 -0.771956 0.468474
-0 -0 0 1
167 167 0
-0.718653 -0.199603 0.666106 -0.126743
-0.0939798 0.977008 0.191373 -0.00620741
-0.688989 0.0749301 -0.720888 0.472105
-0 -0 0 1
168 168 0
-0.675778 -0.245182 0.695133 -0.324337
-0.116156 0.966697 0.228044 4.88788e-05
-0.727895 0.0733628 -0.681752 0.467276
-0 -0 0 1
169 169 0
-0.683082 -0.271539 0.677987 -0.52811
-0.138085 0.959588 0.2452 -0.00594303
-0.717169 0.0738716 -0.692973 0.456808
-0 -0 0 1
170 170 0
-0.684909 -0.28616 0.670084 -0.730779
-0.147194 0.95503 0.257395 -0.0105856
-0.713606 0.0776596 -0.69623 0.450593
-0 -0 0 1
171 171 0
-0.718444 -0.290008 0.632245 -0.917435
-0.15735 0.953138 0.258398 -0.0128237
-0.677554 0.0861614 -0.730409 0.424129
-0 -0 0 1
172 172 0
-0.76944 -0.271862 0.577973 -1.07867
-0.162189 0.958397 0.234885 0.00735308
-0.617784 0.0869888 -0.781522 0.423234
-0 -0 0 1
173 173 0
-0.886965 -0.21057 0.411039 -1.15449
-0.165672 0.975844 0.142413 0.0472917
-0.431098 0.0582181 -0.900425 0.50561
-0 -0 0 1
174 174 0
-0.975975 -0.130536 0.174451 -1.19266
-0.127271 0.99142 0.0298176 0.0691554
-0.176846 0.00689866 -0.984214 0.584244
-0 -0 0 1
175 175 0
-0.994339 -0.0118631 0.105586 -1.20958
-0.0536962 0.913612 -0.403026 0.0807275
-0.0916836 -0.406414 -0.909077 0.669321
-0 -0 0 1
176 176 0
-0.994339 -0.0118631 0.105586 -1.22043
-0.0536962 0.913612 -0.403026 0.066658
-0.0916836 -0.406414 -0.909077 0.839546
-0 -0 0 1
177 177 0
-0.994339 -0.0118631 0.105586 -1.22043
-0.0536962 0.913612 -0.403026 0.066658
-0.0916836 -0.406414 -0.909077 0.839546
-0 -0 0 1
178 178 0
-0.994339 -0.0118631 0.105586 -1.22043
-0.0536962 0.913612 -0.403026 0.066658
-0.0916836 -0.406414 -0.909077 0.839546
-0 -0 0 1
179 179 0
-0.994339 -0.0118631 0.105586 -1.22043
-0.0536962 0.913612 -0.403026 0.066658
-0.0916836 -0.406414 -0.909077 0.839546
-0 -0 0 1
180 180 0
-0.997751 -0.00691558 0.0666698 -1.23129
-0.041955 0.840148 -0.540733 0.0525885
-0.052273 -0.542314 -0.838548 1.00977
-0 -0 0 1
181 181 0
-0.993084 -0.020629 0.115576 -1.24423
-0.0599788 0.935423 -0.348404 0.0657042
-0.100925 -0.352927 -0.930192 1.03774
-0 -0 0 1
182 182 0
-0.999656 -0.00876728 0.0247147 -1.22249
-0.0152772 0.960712 -0.277127 0.0693114
-0.021314 -0.277409 -0.960516 1.06725
-0 -0 0 1
183 183 0
-0.998881 -0.0227038 0.0414908 -1.24976
-0.0335747 0.958252 -0.283947 0.0666595
-0.033312 -0.285022 -0.957942 1.10104
-0 -0 0 1
184 184 0
-0.984153 -0.00751526 0.177161 -1.26183
-0.0607907 0.952853 -0.297279 0.0737788
-0.166575 -0.303338 -0.938211 1.17503
-0 -0 0 1
185 185 0
-0.933699 0.0312762 0.356691 -1.26538
-0.0823638 0.950704 -0.298963 0.0754904
-0.348458 -0.308519 -0.885095 1.24884
-0 -0 0 1
186 186 0
-0.874054 0.0647018 0.4815 -1.25441
-0.0890152 0.952986 -0.289645 0.0747514
-0.477604 -0.296026 -0.827202 1.33306
-0 -0 0 1
187 187 0
-0.912664 0.0522336 0.405359 -1.18616
-0.0640092 0.961294 -0.267986 0.068037
-0.403667 -0.270528 -0.873995 1.33327
-0 -0 0 1
188 188 0
-0.99729 -0.0510167 0.0530047 -1.09963
-0.0626341 0.966735 -0.247992 0.0779598
-0.0385898 -0.25064 -0.967311 1.35909
-0 -0 0 1
189 189 0
-0.975226 -0.092852 -0.20078 -1.01455
-0.0469766 0.973869 -0.222199 0.0775067
0.216165 -0.207262 -0.954104 1.37402
-0 -0 0 1
190 190 0
-0.909195 -0.1171 -0.399566 -0.939387
-0.0384029 0.979131 -0.199567 0.0802592
0.414597 -0.166101 -0.894718 1.3655
-0 -0 0 1
191 191 0
-0.705153 -0.107682 -0.700831 -0.927903
0.00655364 0.987369 -0.158303 0.0842386
0.709025 -0.116221 -0.69554 1.37284
-0 -0 0 1
192 192 0
-0.554298 -0.0766801 -0.828779 -0.920423
-0.0115634 0.996361 -0.0844513 0.08982
0.832238 -0.0372277 -0.553167 1.39844
-0 -0 0 1
193 193 0
-0.33677 -0.0655302 -0.939304 -0.882755
-0.00482492 0.997682 -0.067873 0.0968683
0.941575 -0.0183255 -0.336305 1.46866
-0 -0 0 1
194 194 0
-0.273472 -0.0870552 -0.957932 -0.828944
-0.00104398 0.995922 -0.0902096 0.0973355
0.961879 -0.0236697 -0.272448 1.5204
-0 -0 0 1
195 195 0
-0.525298 -0.12336 -0.841929 -0.727488
0.0178429 0.987621 -0.155839 0.0983316
0.850731 -0.0968846 -0.516594 1.53001
-0 -0 0 1
196 196 0
-0.713462 -0.124779 -0.689494 -0.63723
0.0192969 0.980144 -0.197346 0.105808
0.700428 -0.154104 -0.696888 1.5837
-0 -0 0 1
197 197 0
-0.826859 -0.110865 -0.551374 -0.535941
0.0199253 0.973988 -0.225721 0.111584
0.562057 -0.197626 -0.803142 1.60763
-0 -0 0 1
198 198 0
-0.962327 -0.0792619 -0.260086 -0.509821
-0.00928156 0.965585 -0.259922 0.113042
0.271737 -0.247716 -0.929944 1.61569
-0 -0 0 1
199 199 0
-0.996119 -0.023303 0.0848788 -0.496658
-0.0464056 0.958447 -0.28147 0.114277
-0.0747928 -0.284316 -0.955809 1.62599
-0 -0 0 1
200 200 0
-0.913984 0.0372135 0.40404 -0.487361
-0.0852037 0.95598 -0.280789 0.12036
-0.396703 -0.291063 -0.87058 1.63914
-0 -0 0 1
201 201 0
-0.714969 0.0535135 0.697105 -0.478597
-0.123159 0.971835 -0.200918 0.130415
-0.688223 -0.229505 -0.688241 1.65577
-0 -0 0 1
202 202 0
-0.518141 0.0160335 0.855145 -0.482251
-0.135586 0.985642 -0.100633 0.133364
-0.84448 -0.168088 -0.508527 1.66336
-0 -0 0 1
203 203 0
-0.400544 -0.0305533 0.915768 -0.484907
-0.147678 0.98853 -0.0316114 0.132625
-0.904299 -0.147901 -0.400461 1.66316
-0 -0 0 1
204 204 0
-0.275759 -0.0378417 0.960482 -0.457568
-0.163896 0.986444 -0.00819087 0.129299
-0.947151 -0.159678 -0.278223 1.64109
-0 -0 0 1
205 205 0
-0.231765 -0.0365188 0.972086 -0.298717
-0.174112 0.984716 -0.00451859 0.131764
-0.957063 -0.170299 -0.234581 1.6377
-0 -0 0 1
206 206 0
-0.26296 -0.0335398 0.964224 -0.13314
-0.179582 0.983632 -0.0147601 0.139976
-0.947946 -0.177039 -0.264679 1.67101
-0 -0 0 1
207 207 0
-0.373603 -0.0372821 0.926839 0.0361985
-0.178762 0.983355 -0.0325023 0.130939
-0.9102 -0.177826 -0.374049 1.68821
-0 -0 0 1
208 208 0
-0.624954 0.0521321 0.778919 0.195443
-0.156657 0.969097 -0.190552 0.121229
-0.764782 -0.241109 -0.597474 1.67545
-0 -0 0 1
209 209 0
-0.804937 0.0436862 0.591749 0.339241
-0.130961 0.959612 -0.248986 0.125522
-0.578727 -0.277914 -0.766706 1.64542
-0 -0 0 1
210 210 0
-0.936236 -0.0117458 0.351175 0.453439
-0.109417 0.959494 -0.259613 0.105677
-0.333901 -0.281484 -0.899598 1.61398
-0 -0 0 1
211 211 0
-0.981254 0.00341516 0.19269 0.568283
-0.0377436 0.977075 -0.209523 0.108006
-0.188988 -0.212868 -0.95863 1.59748
-0 -0 0 1
212 212 0
-0.999961 -0.00634898 0.00613787 0.69486
-0.00746584 0.979023 -0.203614 0.0975196
-0.00471637 -0.203652 -0.979032 1.57272
-0 -0 0 1
213 213 0
-0.969481 -0.0306522 -0.243242 0.77624
0.0184834 0.980192 -0.197188 0.0948016
0.244468 -0.195666 -0.949711 1.54193
-0 -0 0 1
214 214 0
-0.81257 -0.0598981 -0.579778 0.837791
0.0415806 0.986214 -0.160164 0.0768062
0.581379 -0.154252 -0.798877 1.54205
-0 -0 0 1
215 215 0
-0.602259 0.00420019 -0.79829 0.88534
0.0406195 0.998852 -0.0253894 0.089999
0.797267 -0.0477171 -0.601738 1.55417
-0 -0 0 1
216 216 0
-0.386677 0.0540422 -0.920631 0.928645
0.0392659 0.998341 0.0421117 0.104324
0.921379 -0.0198658 -0.388157 1.59961
-0 -0 0 1
217 217 0
-0.173831 0.0683074 -0.982404 0.983108
0.0531413 0.996789 0.0599045 0.128073
0.983341 -0.041793 -0.176903 1.61367
-0 -0 0 1
218 218 0
-0.0116141 0.0707372 -0.997427 1.05376
0.0642051 0.995489 0.0698521 0.128611
0.997869 -0.0632286 -0.0161034 1.53439
-0 -0 0 1
219 219 0
0.0956156 0.0691376 -0.993014 1.05048
0.0751167 0.994239 0.0764558 0.103835
0.99258 -0.0819023 0.0898714 1.37249
-0 -0 0 1
220 220 0
0.179808 0.0561292 -0.982099 1.01144
0.0895884 0.993287 0.073171 0.0847641
0.979614 -0.101141 0.173572 1.21108
-0 -0 0 1
221 221 0
0.200658 0.00108115 -0.979661 0.961795
0.108685 0.993802 0.0233581 0.0781156
0.973614 -0.111162 0.199297 1.06912
-0 -0 0 1
222 222 0
0.137325 -0.165438 -0.976613 0.931144
0.133483 0.980051 -0.14725 0.067136
0.981491 -0.11014 0.156669 0.940596
-0 -0 0 1
223 223 0
-0.0220472 -0.243648 -0.969613 0.900555
0.152572 0.957669 -0.244116 0.0629613
0.988046 -0.153318 0.01606 0.81738
-0 -0 0 1
224 224 0
-0.288193 -0.246884 -0.925199 0.879985
0.171538 0.937253 -0.303533 0.0629036
0.942083 -0.246183 -0.227759 0.719838
-0 -0 0 1
225 225 0
-0.58509 -0.195364 -0.787085 0.863864
0.169527 0.919642 -0.354286 0.0725857
0.793051 -0.340722 -0.504954 0.633647
-0 -0 0 1
226 226 0
-0.835367 -0.0395851 -0.548265 0.836701
0.144604 0.946448 -0.288661 0.0822666
0.530331 -0.32042 -0.784908 0.585119
-0 -0 0 1
227 227 0
-0.901504 0.0312654 -0.431641 0.832535
0.0982368 0.986135 -0.133743 0.0952001
0.421475 -0.162973 -0.892076 0.527875
-0 -0 0 1
228 228 0
-0.963669 0.0252954 -0.2659 0.825622
0.05379 0.993489 -0.100433 0.106348
0.261628 -0.111086 -0.958755 0.442936
-0 -0 0 1
229 229 0
-0.985373 0.010233 0.170103 0.821642
-0.0111503 0.992185 -0.124279 0.107658
-0.170045 -0.124358 -0.977558 0.396631
-0 -0 0 1
230 230 0
-0.799263 0.00425609 0.600966 0.826575
-0.080569 0.990189 -0.114167 0.108664
-0.595556 -0.139668 -0.791079 0.350235
-0 -0 0 1
231 231 0
-0.481595 -5.25398e-05 0.876394 0.833109
-0.11316 0.991633 -0.0621241 0.109819
-0.869058 -0.129091 -0.477571 0.307555
-0 -0 0 1
232 232 0
-0.071946 0.00133641 0.997408 0.824285
-0.119133 0.992829 -0.00992366 0.10158
-0.990268 -0.119538 -0.0712709 0.256611
-0 -0 0 1
233 233 0
0.394768 0.00603098 0.918761 0.856091
-0.10023 0.994293 0.0365394 0.0957561
-0.913297 -0.106512 0.39312 0.18317
-0 -0 0 1
234 234 0
0.781877 0.0196028 0.623125 0.929142
-0.0623376 0.996955 0.0468561 0.0693513
-0.620308 -0.0754798 0.780718 0.163471
-0 -0 0 1
235 235 0
0.984019 0.00467796 0.178004 1.01633
-0.00952592 0.999606 0.0263901 0.0308376
-0.177811 -0.027664 0.983676 0.156265
-0 -0 0 1
236 236 0
0.972816 -0.0473251 -0.226692 1.12654
0.0457318 0.998878 -0.0122782 0.0351331
0.227019 0.00157741 0.973889 0.0984466
-0 -0 0 1
237 237 0
0.846767 -0.0984334 -0.522777 1.23903
0.0928809 0.994993 -0.0369029 0.0285862
0.523792 -0.0173078 0.85167 0.0473081
-0 -0 0 1
238 238 0
0.757727 -0.12245 -0.64098 1.34655
0.121313 0.991547 -0.0460112 0.029688
0.641196 -0.0428955 0.766177 -0.0186877
-0 -0 0 1
239 239 0
0.603844 -0.129884 -0.786449 1.47516
0.144114 0.988165 -0.0525453 0.0284751
0.783966 -0.081609 0.615416 -0.0835171
-0 -0 0 1
240 240 0
0.616552 -0.122614 -0.777708 1.65058
0.157862 0.986991 -0.0304595 0.0312048
0.771326 -0.10399 0.627887 -0.161288
-0 -0 0 1
241 241 0
0.661495 -0.0951311 -0.743892 1.78188
0.150677 0.988554 0.00756834 0.0191854
0.734657 -0.117094 0.668257 -0.230622
-0 -0 0 1
242 242 0
0.497932 -0.0807045 -0.863453 1.91327
0.15602 0.987751 -0.00234958 -0.000695062
0.853066 -0.133546 0.504425 -0.22237
-0 -0 0 1
243 243 0
0.18771 -0.0894982 -0.978139 2.03527
0.176034 0.982782 -0.0561412 -0.00154877
0.966321 -0.161648 0.200232 -0.169412
-0 -0 0 1
244 244 0
-0.0755278 -0.0733119 -0.994445 2.13155
0.185763 0.9788 -0.0862672 0.00890452
0.979688 -0.191246 -0.0603081 -0.0842066
-0 -0 0 1
245 245 0
-0.212104 0.0179011 -0.977083 2.25838
0.183984 0.982684 -0.0219354 0.0294092
0.959772 -0.184421 -0.211725 -0.0211342
-0 -0 0 1
246 246 0
-0.314158 0.128893 -0.94058 2.39092
0.163856 0.983234 0.0800089 0.0538178
0.935124 -0.128985 -0.33001 0.0386574
-0 -0 0 1
247 247 0
-0.327406 0.199321 -0.923621 2.50178
0.133756 0.977431 0.16352 0.0386462
0.935369 -0.0700027 -0.346677 0.14442
-0 -0 0 1
248 248 0
-0.362198 0.196069 -0.911246 2.58823
0.109458 0.979809 0.167315 -0.0151731
0.925652 -0.0391421 -0.376346 0.236919
-0 -0 0 1
249 249 0
-0.340115 0.179713 -0.923052 2.66803
0.0865879 0.983384 0.159555 -0.0160861
0.936389 -0.0256581 -0.350025 0.353372
-0 -0 0 1
250 250 0
-0.404219 0.168068 -0.899089 2.75893
0.0813117 0.985684 0.147699 0.00043494
0.911041 -0.0134038 -0.412098 0.492729
-0 -0 0 1
251 251 0
-0.465109 0.159245 -0.870813 2.81271
0.0754659 0.987239 0.140229 0.0171959
0.882031 -0.00049488 -0.471191 0.631128
-0 -0 0 1
252 252 0
-0.508332 0.126791 -0.851776 2.80768
0.0672204 0.991926 0.107536 0.0367348
0.858534 -0.00259269 -0.512751 0.773038
-0 -0 0 1
253 253 0
-0.437541 0.105753 -0.892958 2.68749
0.0627563 0.99423 0.0869971 0.0367436
0.897006 -0.0179739 -0.441653 0.851862
-0 -0 0 1
254 254 0
-0.253243 0.0795387 -0.964127 2.55361
0.0617571 0.995911 0.0659393 0.0461063
0.96543 -0.042843 -0.257119 0.969402
-0 -0 0 1
255 255 0
-0.0928214 0.0726671 -0.993028 2.39818
0.0591469 0.995974 0.0673541 0.0469235
0.993924 -0.0524826 -0.0967458 0.990616
-0 -0 0 1
256 256 0
-0.460849 -0.0363462 -0.886734 2.22675
0.0901162 0.99208 -0.087499 0.0250145
0.882891 -0.120233 -0.453924 0.973195
-0 -0 0 1
257 257 0
-0.796123 -0.0209491 -0.604772 2.07551
0.112049 0.977015 -0.181346 0.0404682
0.59467 -0.212138 -0.775477 1.02144
-0 -0 0 1
258 258 0
-0.936259 0.022762 -0.350571 1.89628
0.101518 0.972856 -0.207956 0.0487462
0.336322 -0.23029 -0.913156 1.12409
-0 -0 0 1
259 259 0
-0.95495 0.044278 -0.293446 1.69256
0.102352 0.977277 -0.185619 0.0667662
0.27856 -0.207291 -0.937782 1.19981
-0 -0 0 1
260 260 0
-0.957522 0.0452163 -0.284792 1.46189
0.0927196 0.98346 -0.155597 0.0727043
0.273046 -0.175393 -0.945877 1.26308
-0 -0 0 1
261 261 0
-0.949424 0.0339688 -0.312153 1.23202
0.0795606 0.987714 -0.134502 0.0807323
0.303749 -0.152535 -0.940462 1.32576
-0 -0 0 1
262 262 0
-0.926872 0.0204531 -0.374819 1.02307
0.0679512 0.99116 -0.113947 0.0825097
0.369176 -0.131084 -0.920069 1.35065
-0 -0 0 1
263 263 0
-0.901037 0.00875202 -0.433654 0.8197
0.0602918 0.992617 -0.10524 0.0800709
0.429531 -0.120971 -0.894913 1.35344
-0 -0 0 1
264 264 0
-0.867283 -0.00277666 -0.497808 0.640322
0.0577164 0.99268 -0.106091 0.0891381
0.494459 -0.120742 -0.860774 1.36335
-0 -0 0 1
265 265 0
-0.85671 -0.007313 -0.515746 0.399467
0.0596251 0.991792 -0.113107 0.0915158
0.51234 -0.127651 -0.849243 1.37175
-0 -0 0 1
266 266 0
-0.835733 -0.0116868 -0.549011 0.16216
0.0650979 0.990615 -0.120183 0.0918729
0.545263 -0.13618 -0.827129 1.39585
-0 -0 0 1
267 267 0
-0.804395 -0.0165741 -0.593863 -0.0775391
0.0717804 0.989576 -0.124846 0.0989725
0.589742 -0.143053 -0.794821 1.44159
-0 -0 0 1
268 268 0
-0.850439 -0.0161821 -0.525825 -0.312543
0.0669469 0.988071 -0.138683 0.101246
0.521797 -0.153144 -0.839211 1.48874
-0 -0 0 1
269 269 0
-0.842557 -0.0109148 -0.538497 -0.560245
0.0754952 0.987531 -0.13814 0.101139
0.53329 -0.157044 -0.831227 1.49579
-0 -0 0 1
270 270 0
-0.801654 -0.0115587 -0.597677 -0.795135
0.078556 0.989106 -0.124495 0.0850728
0.592605 -0.146753 -0.792012 1.45209
-0 -0 0 1
271 271 0
-0.659945 -0.0125235 -0.751209 -1.02441
0.0856832 0.992083 -0.0918127 0.0596927
0.746412 -0.124957 -0.653647 1.38824
-0 -0 0 1
272 272 0
-0.571589 -0.0146488 -0.820409 -1.233
0.0809554 0.993956 -0.0741502 0.0523293
0.816537 -0.1088 -0.566948 1.30485
-0 -0 0 1
273 273 0
-0.618904 -0.0144806 -0.785333 -1.32506
0.0717339 0.99461 -0.0748714 0.0375546
0.782184 -0.102673 -0.614529 1.14968
-0 -0 0 1
274 274 0
-0.716091 -7.54545e-05 -0.698006 -1.30772
0.0655298 0.995576 -0.0673352 0.0336357
0.694924 -0.0939584 -0.712919 0.94704
-0 -0 0 1
275 275 0
-0.754778 0.0147012 -0.655816 -1.26999
0.0624933 0.996813 -0.0495783 0.0345355
0.652997 -0.0784047 -0.753291 0.756165
-0 -0 0 1
276 276 0
-0.765382 0.0241827 -0.643122 -1.21396
0.0590962 0.997713 -0.0328144 0.0329896
0.640858 -0.0631216 -0.76506 0.566367
-0 -0 0 1
277 277 0
-0.779097 0.0303691 -0.626168 -1.162
0.0564326 0.998168 -0.0218039 0.0289987
0.624359 -0.0523236 -0.779383 0.385128
-0 -0 0 1
278 278 0
-0.850705 0.0251116 -0.525042 -1.11501
0.0448129 0.998686 -0.0248438 0.0343839
0.523729 -0.0446634 -0.850713 0.186928
-0 -0 0 1
279 279 0
-0.896394 0.0191012 -0.442847 -1.07126
0.032874 0.999184 -0.0234449 0.0401434
0.442038 -0.035574 -0.896291 -0.0307054
-0 -0 0 1
280 280 0
-0.904676 0.0172953 -0.42575 -1.01454
0.0250025 0.999609 -0.0125205 0.0439604
0.425367 -0.0219718 -0.904754 -0.229126
-0 -0 0 1
281 281 0
-0.956698 -0.00169644 -0.291076 -0.98355
0.0129981 0.998737 -0.0485425 0.0427158
0.29079 -0.050224 -0.955468 -0.39684
-0 -0 0 1
282 282 0
-0.966974 -0.0827357 -0.241072 -1.00051
0.0206164 0.917357 -0.397531 0.0332154
0.254039 -0.389372 -0.885355 -0.468206
-0 -0 0 1
283 283 0
-0.998919 0.0453769 -0.0101348 -0.954883
0.0436368 0.839725 -0.541255 0.0293582
-0.01605 -0.541112 -0.840797 -0.528283
-0 -0 0 1
284 284 0
-0.89637 0.26481 0.355524 -0.911224
0.0176249 0.822635 -0.568297 0.0310877
-0.442957 -0.503138 -0.742052 -0.607321
-0 -0 0 1
285 285 0
-0.636804 0.425909 0.642715 -0.857467
-0.0130887 0.827492 -0.561324 0.0322658
-0.770915 -0.365866 -0.521376 -0.688238
-0 -0 0 1
286 286 0
-0.352999 0.449954 0.820325 -0.817353
-0.0246957 0.871982 -0.488915 0.0457147
-0.935298 -0.192845 -0.296697 -0.777328
-0 -0 0 1
287 287 0
0.0103279 0.407837 0.912996 -0.773904
-0.0562722 0.911835 -0.406682 0.0491649
-0.998362 -0.0471761 0.0323673 -0.829322
-0 -0 0 1
288 288 0
0.432652 0.290889 0.853344 -0.772988
-0.0474951 0.952558 -0.300628 0.0374705
-0.900309 0.0895377 0.425941 -0.894561
-0 -0 0 1
289 289 0
0.768728 0.164516 0.618055 -0.794979
-0.0166818 0.97118 -0.237763 0.0284496
-0.639358 0.172465 0.749318 -0.978748
-0 -0 0 1
290 290 0
0.955093 0.0304142 0.29474 -0.81556
0.0283922 0.980747 -0.193207 0.0194752
-0.294942 0.192899 0.935842 -1.08022
-0 -0 0 1
291 291 0
0.996708 -0.0650424 0.0484032 -0.930847
0.0716226 0.986133 -0.149709 0.0188298
-0.0379945 0.152683 0.987545 -1.15491
-0 -0 0 1
292 292 0
0.983421 -0.113902 -0.141098 -1.02132
0.0975987 0.988261 -0.117538 0.0107066
0.152829 0.101819 0.982993 -1.2756
-0 -0 0 1
293 293 0
0.96392 -0.129079 -0.232801 -1.09435
0.116314 0.990895 -0.0678121 -0.00159105
0.239434 0.0382875 0.970157 -1.42058
-0 -0 0 1
294 294 0
0.973329 -0.102452 -0.205266 -1.16273
0.101042 0.994731 -0.0173708 -0.0271159
0.205964 -0.00383287 0.978552 -1.55455
-0 -0 0 1
295 295 0
0.980901 -0.0795722 -0.177486 -1.19703
0.0814878 0.996668 0.00351815 -0.0322828
0.176615 -0.0179139 0.984117 -1.59061
-0 -0 0 1
296 296 0
0.99209 -0.0336324 0.120938 -1.21967
0.029035 0.998795 0.0395783 -0.0321193
-0.122123 -0.0357538 0.991871 -1.62328
-0 -0 0 1
297 297 0
0.89659 0.0227924 0.442275 -1.20078
-0.0520389 0.997178 0.0541054 -0.0352181
