0 0 0
-0.970176 -0.00405448 -0.242367 0.220191
-0.000324177 -0.999838 0.0180236 -0.0422639
-0.242401 0.0175646 0.970017 -1.27387
-0 -0 0 1
1 1 0
-0.968072 -0.00375288 -0.250643 0.22008
-0.000113486 -0.999881 0.0154095 -0.0415754
-0.250671 0.014946 0.967957 -1.27002
-0 -0 0 1
2 2 0
-0.964805 -0.00305093 -0.262949 0.220609
-0.000509165 -0.999909 0.0134699 -0.0390781
-0.262966 0.0131297 0.964716 -1.26402
-0 -0 0 1
3 3 0
-0.961133 -0.0022179 -0.276078 0.22117
-0.00118956 -0.999925 0.0121743 -0.0355986
-0.276084 0.0120296 0.961058 -1.2572
-0 -0 0 1
4 4 0
-0.957112 -0.0021416 -0.289711 0.221667
-0.000728897 -0.999952 0.00979988 -0.0332767
-0.289718 0.00959075 0.957064 -1.24884
-0 -0 0 1
5 5 0
-0.952864 -0.00150542 -0.303394 0.221395
-0.000911023 -0.999969 0.00782299 -0.0322569
-0.303397 0.00773064 0.952833 -1.23948
-0 -0 0 1
6 6 0
-0.948574 -0.00123583 -0.316552 0.221254
-0.000914617 -0.999978 0.00664468 -0.0322807
-0.316553 0.0065925 0.948552 -1.23135
-0 -0 0 1
7 7 0
-0.943436 -0.00163011 -0.33155 0.223467
-0.000431592 -0.999981 0.00614467 -0.0325775
-0.331553 0.0059402 0.943418 -1.22475
-0 -0 0 1
8 8 0
-0.938594 -0.0017322 -0.345019 0.228958
-9.59118e-05 -0.999986 0.00528145 -0.033441
-0.345023 0.00499023 0.938581 -1.21705
-0 -0 0 1
9 9 0
-0.932865 -0.00208481 -0.36022 0.236102
0.000180611 -0.999986 0.00531978 -0.0338743
-0.360226 0.00489758 0.932852 -1.21004
-0 -0 0 1
10 10 0
-0.926292 -0.00210045 -0.3768 0.241722
0.000272142 -0.999988 0.00490537 -0.0346441
-0.376806 0.00444126 0.926282 -1.20582
-0 -0 0 1
11 11 0
-0.918849 -0.00151582 -0.394607 0.244309
-0.000385979 -0.999989 0.00474006 -0.034778
-0.39461 0.00450771 0.918838 -1.20269
-0 -0 0 1
12 12 0
-0.911061 -0.000777895 -0.412271 0.243326
-0.000881662 -0.999992 0.00383519 -0.0350836
-0.412271 0.00385757 0.911053 -1.19966
-0 -0 0 1
13 13 0
-0.903665 -0.000179084 -0.42824 0.241454
-0.00130652 -0.999994 0.00317519 -0.0352217
-0.428238 0.00342881 0.903659 -1.19692
-0 -0 0 1
14 14 0
-0.896398 -0.000168576 -0.44325 0.241302
-0.00100063 -0.999997 0.00240391 -0.0349128
-0.443249 0.00259839 0.896395 -1.19499
-0 -0 0 1
15 15 0
-0.891506 0.000515197 -0.453009 0.244453
-0.00114386 -0.999999 0.00111379 -0.0350183
-0.453008 0.00151113 0.891505 -1.19231
-0 -0 0 1
16 16 0
-0.891148 -0.0001627 -0.453713 0.251822
0.000114252 -1 0.000134191 -0.0355046
-0.453713 6.77463e-05 0.891148 -1.18946
-0 -0 0 1
17 17 0
-0.890321 -0.000586621 -0.455333 0.262243
0.000847035 -1 -0.00036789 -0.0357456
-0.455333 -0.000713223 0.890321 -1.18623
-0 -0 0 1
18 18 0
-0.887008 -0.000559162 -0.461753 0.272132
0.00140719 -0.999998 -0.0014922 -0.0364794
-0.461751 -0.00197337 0.887007 -1.183
-0 -0 0 1
19 19 0
-0.882629 -6.95004e-05 -0.470069 0.280062
0.00155296 -0.999995 -0.00276808 -0.0371934
-0.470067 -0.00317319 0.882625 -1.17984
-0 -0 0 1
20 20 0
-0.876527 0.00072709 -0.481353 0.286191
0.00179678 -0.999987 -0.00478237 -0.0371181
-0.48135 -0.00505676 0.876514 -1.17508
-0 -0 0 1
21 21 0
-0.873483 0.00121814 -0.486854 0.291545
0.00247338 -0.999973 -0.00693959 -0.0370491
-0.486849 -0.00726578 0.873456 -1.16766
-0 -0 0 1
22 22 0
-0.877446 0.00164137 -0.479672 0.295713
0.00292318 -0.999957 -0.008769 -0.0357682
-0.479666 -0.00909649 0.877404 -1.15866
-0 -0 0 1
23 23 0
-0.880828 0.00226769 -0.47343 0.298751
0.00286554 -0.999945 -0.010121 -0.0351353
-0.473427 -0.0102715 0.880773 -1.1509
-0 -0 0 1
24 24 0
-0.882988 0.00239805 -0.46939 0.301582
0.00309101 -0.999936 -0.0109231 -0.0353996
-0.469386 -0.0110959 0.882923 -1.14469
-0 -0 0 1
25 25 0
-0.883162 0.00266279 -0.469061 0.306251
0.00313923 -0.999928 -0.0115871 -0.0364952
-0.469059 -0.0117057 0.88309 -1.13957
-0 -0 0 1
26 26 0
-0.878206 0.00199167 -0.478278 0.31329
0.00351801 -0.999937 -0.0106237 -0.03761
-0.478269 -0.0110124 0.878144 -1.13684
-0 -0 0 1
27 27 0
-0.871516 0.00200079 -0.490364 0.320463
0.00336207 -0.999944 -0.0100554 -0.0383375
-0.490356 -0.010412 0.87146 -1.13517
-0 -0 0 1
28 28 0
-0.864248 0.00263439 -0.503059 0.326591
0.003237 -0.999936 -0.0107975 -0.03918
-0.503055 -0.0109601 0.864185 -1.135
-0 -0 0 1
29 29 0
-0.85693 0.00333509 -0.515422 0.330107
0.00255316 -0.999939 -0.010715 -0.0390539
-0.515427 -0.010498 0.856869 -1.13665
-0 -0 0 1
30 30 0
-0.84902 0.00416873 -0.528345 0.332346
0.00200794 -0.999936 -0.0111163 -0.0389643
-0.528357 -0.0104988 0.848957 -1.14125
-0 -0 0 1
31 31 0
-0.84081 0.00555504 -0.541302 0.334592
0.000743664 -0.999935 -0.0114168 -0.0387451
-0.54133 -0.0100019 0.840751 -1.14877
-0 -0 0 1
32 32 0
-0.832842 0.00611847 -0.553477 0.337898
0.000530928 -0.99993 -0.0118527 -0.0384133
-0.553511 -0.0101653 0.83278 -1.15805
-0 -0 0 1
33 33 0
-0.797828 0.00938411 -0.602812 0.360881
1.49094e-05 -0.999879 -0.0155851 -0.0402193
-0.602885 -0.0124432 0.797731 -1.17904
-0 -0 0 1
34 34 0
-0.738966 0.0155366 -0.673563 0.362419
-0.00293379 -0.999799 -0.019843 -0.0401002
-0.673736 -0.0126872 0.738863 -1.20274
-0 -0 0 1
35 35 0
-0.68985 0.0188575 -0.723706 0.354512
-0.00369359 -0.999739 -0.0225293 -0.0412858
-0.723943 -0.0128687 0.68974 -1.22078
-0 -0 0 1
36 36 0
-0.64271 0.0207398 -0.765829 0.349214
-0.00379105 -0.999707 -0.023892 -0.0418309
-0.7661 -0.0124523 0.6426 -1.2195
-0 -0 0 1
37 37 0
-0.597051 0.0204754 -0.801942 0.349612
-0.00332034 -0.999729 -0.0230534 -0.0413615
-0.802197 -0.0111013 0.596957 -1.2197
-0 -0 0 1
38 38 0
-0.569556 0.0224508 -0.821646 0.352526
-0.00294714 -0.999676 -0.0252725 -0.0412255
-0.821947 -0.0119726 0.569438 -1.21696
-0 -0 0 1
39 39 0
-0.675037 0.0247603 -0.737369 0.358425
0.00203348 -0.99937 -0.0354197 -0.0410954
-0.737781 -0.025409 0.674561 -1.21281
-0 -0 0 1
40 40 0
-0.769222 0.0210022 -0.638636 0.358521
0.00890815 -0.99901 -0.0435831 -0.0396337
-0.63892 -0.0392141 0.768273 -1.21077
-0 -0 0 1
41 41 0
-0.768219 0.0227011 -0.639784 0.350576
0.0114292 -0.998725 -0.0491607 -0.0338031
-0.640085 -0.0450784 0.766981 -1.21318
-0 -0 0 1
42 42 0
-0.799579 0.0264245 -0.59998 0.347173
0.0126541 -0.998068 -0.0608211 -0.0316546
-0.600428 -0.0562235 0.7977 -1.20967
-0 -0 0 1
43 43 0
-0.816643 0.0275554 -0.576485 0.33912
0.0143007 -0.997587 -0.0679419 -0.0196372
-0.576966 -0.0637284 0.814278 -1.21122
-0 -0 0 1
44 44 0
-0.785745 0.0282449 -0.617906 0.332168
0.0149332 -0.9978 -0.0645997 -0.00562888
-0.618371 -0.0599862 0.783594 -1.21152
-0 -0 0 1
45 45 0
-0.724208 0.0184142 -0.689335 0.333671
0.0158371 -0.998936 -0.0433228 0.0163207
-0.689399 -0.0422918 0.723146 -1.19962
-0 -0 0 1
46 46 0
-0.582845 -0.0621933 -0.8102 0.337613
0.00397898 -0.997273 0.0736912 0.0215409
-0.812573 0.0397268 0.581504 -1.20035
-0 -0 0 1
47 47 0
-0.464482 -0.102148 -0.879672 0.337931
-0.00838297 -0.992774 0.119707 0.0255689
-0.885543 0.0629761 0.460269 -1.1694
-0 -0 0 1
48 48 0
-0.395484 -0.123324 -0.910156 0.368854
-0.0161616 -0.989857 0.141146 0.0240706
-0.918331 0.0705304 0.38948 -1.13831
-0 -0 0 1
49 49 0
-0.365075 -0.127754 -0.922171 0.397739
-0.021632 -0.989108 0.145591 0.0181452
-0.930727 0.0731002 0.358336 -1.09836
-0 -0 0 1
50 50 0
-0.358714 -0.132591 -0.923983 0.435034
-0.0274068 -0.987938 0.152408 0.0270439
-0.933045 0.0799943 0.350753 -1.06608
-0 -0 0 1
51 51 0
-0.426386 -0.134958 -0.894417 0.473066
-0.0244666 -0.986724 0.16055 0.0255719
-0.90421 0.0903395 0.417424 -1.03755
-0 -0 0 1
52 52 0
-0.526766 -0.137352 -0.838839 0.510703
-0.0229611 -0.984199 0.175573 0.0282024
-0.8497 0.111746 0.515289 -1.00844
-0 -0 0 1
53 53 0
-0.673608 -0.115987 -0.729931 0.522615
-0.0195128 -0.984474 0.174441 0.0247827
-0.738831 0.131748 0.660886 -0.995243
-0 -0 0 1
54 54 0
-0.771202 -0.0911269 -0.630035 0.530263
-0.0252846 -0.984535 0.173351 0.0204992
-0.636088 0.149619 0.756971 -0.986349
-0 -0 0 1
55 55 0
-0.855672 -0.0648545 -0.513439 0.540981
-0.0282213 -0.984793 0.171425 0.0111778
-0.516749 0.161174 0.840829 -0.983337
-0 -0 0 1
56 56 0
-0.921921 -0.037293 -0.385579 0.538531
-0.0294032 -0.985747 0.165644 0.00240362
-0.386261 0.164048 0.907684 -0.970638
-0 -0 0 1
57 57 0
-0.932174 -0.0197616 -0.36147 0.530576
-0.0408437 -0.986392 0.159256 0.000200928
-0.359698 0.163218 0.918682 -0.91648
-0 -0 0 1
58 58 0
-0.925158 -0.0157747 -0.379255 0.523395
-0.0465067 -0.986898 0.154498 -0.000574906
-0.376724 0.160573 0.912302 -0.849635
-0 -0 0 1
59 59 0
-0.91977 -0.017984 -0.392046 0.523563
-0.0460889 -0.987088 0.153408 0.00427481
-0.389743 0.159169 0.907064 -0.778654
-0 -0 0 1
60 60 0
-0.911664 -0.0227214 -0.410308 0.51915
-0.0452862 -0.986834 0.155269 0.000412852
-0.408433 0.160135 0.898632 -0.70365
-0 -0 0 1
61 61 0
-0.89037 -0.0285211 -0.454343 0.522724
-0.0460573 -0.987271 0.152233 -0.00445231
-0.452901 0.15647 0.877723 -0.637018
-0 -0 0 1
62 62 0
-0.863665 -0.0303086 -0.503155 0.503995
-0.046106 -0.989256 0.138731 -0.00655576
-0.501954 0.143015 0.852988 -0.567252
-0 -0 0 1
63 63 0
-0.834994 -0.0281657 -0.549537 0.496167
-0.0441311 -0.992044 0.117901 -0.0128626
-0.548486 0.122698 0.827108 -0.496087
-0 -0 0 1
64 64 0
-0.805537 -0.0326763 -0.591644 0.505376
-0.0410177 -0.993008 0.11069 -0.019034
-0.591124 0.113433 0.798564 -0.444058
-0 -0 0 1
65 65 0
-0.772215 -0.0190824 -0.635075 0.49703
-0.0374718 -0.996441 0.0755042 -0.0211627
-0.634256 0.0821029 0.768752 -0.394726
-0 -0 0 1
66 66 0
-0.73548 -0.00916754 -0.677485 0.499636
-0.0331507 -0.998224 0.0494962 -0.0219986
-0.676735 0.0588625 0.733869 -0.342478
-0 -0 0 1
67 67 0
-0.695583 -0.013834 -0.718313 0.497122
-0.0286489 -0.998485 0.0469722 -0.021991
-0.717875 0.053252 0.694133 -0.2907
-0 -0 0 1
68 68 0
-0.752824 -0.014038 -0.658073 0.524272
-0.0166545 -0.999046 0.0403641 -0.0226502
-0.658012 0.0413469 0.751872 -0.246966
-0 -0 0 1
69 69 0
-0.752824 -0.014038 -0.658073 0.53265
-0.0166545 -0.999046 0.0403641 -0.0227145
-0.658012 0.0413469 0.751872 -0.18663
-0 -0 0 1
70 70 0
-0.958052 -0.0115928 -0.286361 0.541027
0.00595406 -0.999771 0.0205538 -0.0227788
-0.286534 0.0179866 0.957901 -0.126294
-0 -0 0 1
71 71 0
-0.971239 -0.0130335 -0.237749 0.542006
0.00785315 -0.999711 0.0227234 0.0104366
-0.237977 0.0202027 0.971061 -0.056761
-0 -0 0 1
72 72 0
-0.982215 -0.0213832 -0.186541 0.51359
0.00957398 -0.997905 0.0639794 0.0220028
-0.187518 0.0610555 0.980362 -0.0127411
-0 -0 0 1
73 73 0
-0.973362 -0.0456865 -0.224676 0.512337
0.00553813 -0.984345 0.176168 0.0256735
-0.229207 0.170231 0.958377 0.0404712
-0 -0 0 1
74 74 0
-0.955642 -0.0571876 -0.288925 0.500074
-0.00389318 -0.97843 0.20654 0.0250597
-0.294505 0.198503 0.934807 0.104897
-0 -0 0 1
75 75 0
-0.883611 -0.0815586 -0.461063 0.484084
-0.0262909 -0.974516 0.22277 0.0224073
-0.467482 0.208964 0.858949 0.157876
-0 -0 0 1
76 76 0
-0.829564 -0.105542 -0.548348 0.485327
-0.029638 -0.97227 0.231974 0.016017
-0.557625 0.208689 0.803432 0.211428
-0 -0 0 1
77 77 0
-0.781616 -0.120658 -0.611979 0.479459
-0.033412 -0.971606 0.234236 0.0134876
-0.622864 0.20353 0.755391 0.265049
-0 -0 0 1
78 78 0
-0.72182 -0.132134 -0.67935 0.487085
-0.0410313 -0.971708 0.232594 0.0221454
-0.690863 0.195766 0.695977 0.306096
-0 -0 0 1
79 79 0
-0.572119 -0.151936 -0.805975 0.503775
-0.0630455 -0.971637 0.227917 0.0273171
-0.817744 0.181209 0.546313 0.32779
-0 -0 0 1
80 80 0
-0.334168 -0.17994 -0.925178 0.513545
-0.0824257 -0.972266 0.21887 0.0265235
-0.938903 0.149398 0.310068 0.3206
-0 -0 0 1
81 81 0
-0.0900024 -0.201306 -0.975385 0.521318
-0.0877578 -0.973947 0.209107 0.024951
-0.992068 0.104418 0.0699915 0.329763
-0 -0 0 1
82 82 0
0.138952 -0.214414 -0.966809 0.528465
-0.0862169 -0.975192 0.203882 0.0243027
-0.986539 0.0550254 -0.153991 0.323275
-0 -0 0 1
83 83 0
0.404166 -0.215417 -0.888958 0.532358
-0.089146 -0.976522 0.196106 0.0248544
-0.910331 -1.23923e-05 -0.41388 0.319099
-0 -0 0 1
84 84 0
0.654736 -0.204749 -0.727598 0.53147
-0.0896047 -0.97685 0.194257 0.0231917
-0.750528 -0.0619911 -0.657925 0.326226
-0 -0 0 1
85 85 0
0.787598 -0.183881 -0.588113 0.534109
-0.0768294 -0.976293 0.202361 0.0200374
-0.611381 -0.114195 -0.783054 0.321476
-0 -0 0 1
86 86 0
0.851457 -0.162476 -0.498621 0.527789
-0.0647025 -0.976078 0.207568 0.0158084
-0.520418 -0.144474 -0.841601 0.326099
-0 -0 0 1
87 87 0
0.908438 -0.141968 -0.393174 0.500436
-0.0612913 -0.975634 0.210669 0.0129952
-0.413502 -0.167281 -0.895004 0.344284
-0 -0 0 1
88 88 0
0.934661 -0.122578 -0.333741 0.492024
-0.0572191 -0.978313 0.199073 0.00207091
-0.350905 -0.166969 -0.921405 0.393589
-0 -0 0 1
89 89 0
0.953746 -0.0758767 -0.290881 0.476766
-0.0566412 -0.995648 0.074 -0.000739784
-0.29523 -0.0541013 -0.953893 0.426416
-0 -0 0 1
90 90 0
0.96694 -0.0404235 -0.251779 0.471055
-0.052321 -0.997799 -0.040737 0.00983824
-0.249578 0.0525635 -0.966927 0.490462
-0 -0 0 1
91 91 0
0.939514 -0.0261582 -0.341511 0.456871
-0.0430293 -0.998194 -0.0419186 0.0219273
-0.339798 0.0540781 -0.938942 0.549823
-0 -0 0 1
92 92 0
0.852884 -0.00732405 -0.522049 0.450344
-0.0287437 -0.999044 -0.0329433 0.0216263
-0.521308 0.0431025 -0.852279 0.609575
-0 -0 0 1
93 93 0
0.716111 -0.0139753 -0.697846 0.457252
-0.00820249 -0.999899 0.0116072 0.0240735
-0.697938 -0.00258797 -0.716153 0.677573
-0 -0 0 1
94 94 0
0.624905 -0.016553 -0.780525 0.466605
0.00561513 -0.999654 0.0256958 0.0215792
-0.78068 -0.0204402 -0.624596 0.736723
-0 -0 0 1
95 95 0
0.584186 -0.0252195 -0.811228 0.47175
0.0070762 -0.999321 0.0361627 0.0182099
-0.811589 -0.0268661 -0.583611 0.800338
-0 -0 0 1
96 96 0
0.408442 -0.0226489 -0.912503 0.455813
0.0135273 -0.999432 0.0308614 0.0186613
-0.912684 -0.0249489 -0.407904 0.84667
-0 -0 0 1
97 97 0
0.263618 -0.0323236 -0.964085 0.458107
0.0160248 -0.999154 0.0378811 0.0176934
-0.964494 -0.0254355 -0.262877 0.89656
-0 -0 0 1
98 98 0
0.105718 -0.0406391 -0.993565 0.447825
0.0177666 -0.998928 0.0427489 0.0137819
-0.994237 -0.0221716 -0.104882 0.943182
-0 -0 0 1
99 99 0
-0.00242661 -0.0472946 -0.998878 0.457689
0.0170452 -0.998738 0.0472465 0.00763018
-0.999852 -0.0169115 0.0032297 1.00203
-0 -0 0 1
100 100 0
-0.164236 -0.0553378 -0.984868 0.457107
0.0179394 -0.998428 0.0531082 0.00562366
-0.986258 -0.00894569 0.16497 1.05234
-0 -0 0 1
101 101 0
-0.377223 -0.0586447 -0.924264 0.458885
0.0195285 -0.998275 0.0553705 0.00216567
-0.925916 0.00283759 0.377718 1.1121
-0 -0 0 1
102 102 0
-0.602114 -0.0610041 -0.796076 0.461224
0.0194194 -0.997901 0.0617821 -7.16319e-05
-0.798174 0.0217405 0.602034 1.17494
-0 -0 0 1
103 103 0
-0.765781 -0.0575031 -0.640525 0.469153
0.0170088 -0.997457 0.0692118 -0.000632677
-0.642876 0.0421066 0.764812 1.24024
-0 -0 0 1
104 104 0
-0.863305 -0.0509327 -0.502105 0.485216
0.0132209 -0.996835 0.0783855 0.00931325
-0.504509 0.0610323 0.861247 1.2943
-0 -0 0 1
105 105 0
-0.900506 -0.08626 -0.426202 0.475983
0.00679686 -0.9828 0.18455 0.0175201
-0.43479 0.163292 0.885603 1.33827
-0 -0 0 1
106 106 0
-0.917668 -0.135127 -0.373665 0.479935
7.13329e-05 -0.940455 0.339917 0.0237119
-0.397348 0.311905 0.863036 1.38299
-0 -0 0 1
107 107 0
-0.897131 -0.168244 -0.408474 0.464372
-0.0231479 -0.905466 0.423787 0.0257537
-0.441159 0.389647 0.808427 1.42508
-0 -0 0 1
108 108 0
-0.827005 -0.199181 -0.525728 0.458438
-0.0577588 -0.900085 0.43187 0.0268152
-0.55922 0.387524 0.73287 1.47247
-0 -0 0 1
109 109 0
-0.644117 -0.300137 -0.703584 0.445226
-0.0581649 -0.897925 0.436289 0.0252003
-0.762712 0.321945 0.560911 1.51088
-0 -0 0 1
110 110 0
-0.421868 -0.356405 -0.833668 0.435335
-0.0837461 -0.900248 0.427248 0.0193728
-0.902781 0.250059 0.349939 1.5441
-0 -0 0 1
111 111 0
-0.190746 -0.38105 -0.904664 0.427578
-0.0980004 -0.909589 0.403788 0.013562
-0.976735 0.165678 0.136157 1.58039
-0 -0 0 1
112 112 0
0.0274844 -0.28495 -0.958148 0.422282
-0.0896724 -0.955349 0.281546 0.000958778
-0.995592 0.0781813 -0.0518094 1.61464
-0 -0 0 1
113 113 0
0.0937026 -0.173663 -0.980337 0.418849
-0.0999845 -0.981333 0.164283 -0.00942895
-0.990567 0.0826248 -0.109317 1.64106
-0 -0 0 1
114 114 0
0.155142 -0.0345766 -0.987287 0.424728
-0.0867827 -0.996001 0.0212448 -0.0212122
-0.984073 0.0823835 -0.157522 1.67731
-0 -0 0 1
115 115 0
0.22003 0.019453 -0.975299 0.418612
-0.0654719 -0.997252 -0.0346615 -0.024747
-0.973294 0.0714812 -0.218151 1.7037
-0 -0 0 1
116 116 0
0.300661 0.0795308 -0.950409 0.421128
-0.0403399 -0.994565 -0.0959873 -0.0247236
-0.952878 0.067199 -0.295818 1.7614
-0 -0 0 1
117 117 0
0.399036 0.0853873 -0.912951 0.424587
-0.0243349 -0.994318 -0.103634 -0.0240882
-0.916612 0.0635702 -0.394691 1.82431
-0 -0 0 1
118 118 0
0.465109 0.107298 -0.878727 0.427341
-0.0143822 -0.99158 -0.128691 -0.0286126
-0.885137 0.0724933 -0.45965 1.87656
-0 -0 0 1
119 119 0
0.588335 0.109464 -0.801174 0.441112
-0.00799473 -0.989959 -0.141128 -0.0225185
-0.808578 0.0894356 -0.581552 1.91053
-0 -0 0 1
120 120 0
0.717264 0.0997425 -0.689626 0.453632
-0.00662643 -0.988681 -0.149888 -0.0170586
-0.69677 0.112079 -0.708484 1.91308
-0 -0 0 1
121 121 0
0.816843 0.0767843 -0.571726 0.448757
-0.00898706 -0.989287 -0.145704 -0.0116198
-0.57679 0.124155 -0.807403 1.89773
-0 -0 0 1
122 122 0
0.915762 0.0227557 -0.401077 0.40836
-0.0107209 -0.996654 -0.0810254 -0.0231616
-0.401579 0.0784999 -0.912454 1.88933
-0 -0 0 1
123 123 0
0.974507 -0.025291 -0.222926 0.377347
-0.022631 -0.999639 0.0144793 -0.0248494
-0.223212 -0.00906513 -0.974728 1.86665
-0 -0 0 1
124 124 0
0.987049 -0.0395204 -0.155476 0.33252
-0.0278337 -0.99667 0.0766393 -0.0248782
-0.157987 -0.0713192 -0.984862 1.85081
-0 -0 0 1
125 125 0
0.99572 -0.0376002 -0.0844295 0.277259
-0.0299196 -0.995451 0.0904606 -0.0236243
-0.0874468 -0.0875473 -0.992315 1.82052
-0 -0 0 1
126 126 0
0.999274 -0.0335502 -0.0180568 0.212891
-0.0317703 -0.995329 0.0911674 -0.0242834
-0.0210311 -0.0905275 -0.995672 1.79999
-0 -0 0 1
127 127 0
0.998704 -0.0299718 0.0411345 0.146083
-0.0334169 -0.995752 0.0857943 -0.023857
0.0383884 -0.0870577 -0.995463 1.76743
-0 -0 0 1
128 128 0
0.994667 -0.0262158 0.0997541 0.0787821
-0.0343138 -0.996176 0.0803503 -0.0225592
0.0972662 -0.0833447 -0.991763 1.73445
-0 -0 0 1
129 129 0
0.985752 -0.0241762 0.166461 0.0168547
-0.0369932 -0.996547 0.0743318 -0.0242899
0.164089 -0.0794307 -0.983242 1.69191
-0 -0 0 1
130 130 0
0.943924 -0.0216149 0.329454 -0.0360235
-0.0463809 -0.996641 0.0674988 -0.0242313
0.326888 -0.0789941 -0.941756 1.65755
-0 -0 0 1
131 131 0
0.876881 -0.014825 0.480479 -0.109655
-0.0509818 -0.996755 0.0622879 -0.0244922
0.477996 -0.0791147 -0.874792 1.64714
-0 -0 0 1
132 132 0
0.824658 -0.00800412 0.565575 -0.174715
-0.049495 -0.997086 0.0580572 -0.0218944
0.563462 -0.0758705 -0.822651 1.63221
-0 -0 0 1
133 133 0
0.800487 -0.0081587 0.599294 -0.246679
-0.0439524 -0.998014 0.0451211 -0.0191421
0.597736 -0.0624593 -0.799256 1.63087
-0 -0 0 1
134 134 0
0.822883 -0.0104621 0.568115 -0.305154
-0.0374834 -0.998652 0.035902 0.00894703
0.566974 -0.0508381 -0.822166 1.62612
-0 -0 0 1
135 135 0
0.884863 -0.0126439 0.46568 -0.35156
-0.0304186 -0.999066 0.0306738 0.047228
0.464858 -0.0413075 -0.884421 1.61286
-0 -0 0 1
136 136 0
0.906696 -0.0110741 0.42164 -0.403199
-0.028709 -0.998957 0.0354989 0.0675692
0.420808 -0.0442916 -0.906068 1.63036
-0 -0 0 1
137 137 0
0.9244 -0.0143773 0.381153 -0.467883
-0.0267944 -0.999268 0.0272908 0.0746281
0.380482 -0.0354404 -0.924109 1.62942
-0 -0 0 1
138 138 0
0.959358 -0.0238553 0.28118 -0.530274
-0.024177 -0.999705 -0.00232558 0.0719454
0.281153 -0.00456702 -0.959652 1.63505
-0 -0 0 1
139 139 0
0.956682 -0.0294593 0.289641 -0.586516
-0.0239669 -0.99946 -0.022492 0.0720391
0.290147 0.0145759 -0.956871 1.64003
-0 -0 0 1
140 140 0
0.957714 -0.0335652 0.285759 -0.657781
-0.0227708 -0.998899 -0.0410149 0.0748769
0.286821 0.0327736 -0.957424 1.62944
-0 -0 0 1
141 141 0
0.965835 -0.0335511 0.256978 -0.729977
-0.0212108 -0.998492 -0.0506441 0.07452
0.25829 0.0434631 -0.965089 1.62789
-0 -0 0 1
142 142 0
0.966599 -0.0325198 0.254222 -0.789881
-0.0183365 -0.99815 -0.0579636 0.0771104
0.255637 0.051366 -0.965407 1.61576
-0 -0 0 1
143 143 0
0.989328 -0.0287232 0.142845 -0.845731
-0.0195653 -0.997686 -0.0651079 0.0773656
0.144384 0.0616183 -0.987601 1.61592
-0 -0 0 1
144 144 0
0.984837 -0.0259504 0.171529 -0.897971
-0.0157972 -0.998056 -0.0602946 0.0761171
0.17276 0.0566706 -0.983332 1.60639
-0 -0 0 1
145 145 0
0.97409 -0.0292223 0.224263 -0.93488
-0.0167854 -0.998224 -0.0571641 0.0740021
0.225535 0.0519186 -0.972851 1.566
-0 -0 0 1
146 146 0
0.951832 -0.0337104 0.304761 -0.95803
-0.0188987 -0.998498 -0.051422 0.0742471
0.306036 0.0431856 -0.95104 1.49783
-0 -0 0 1
147 147 0
0.909337 -0.0411162 0.414023 -0.958705
-0.0246397 -0.99868 -0.0450606 0.0741288
0.41533 0.0307738 -0.90915 1.42599
-0 -0 0 1
148 148 0
0.844923 -0.0442734 0.533052 -0.93939
-0.0303556 -0.998931 -0.0348521 0.0721152
0.534026 0.0132663 -0.845364 1.35171
-0 -0 0 1
149 149 0
0.72132 -0.0415913 0.691352 -0.922751
-0.0350386 -0.999108 -0.0235483 0.0708013
0.691715 -0.00723811 -0.722135 1.27487
-0 -0 0 1
150 150 0
0.542565 -0.0317903 0.839412 -0.901556
-0.0391166 -0.999156 -0.0125566 0.0676312
0.839102 -0.0260222 -0.543351 1.21276
-0 -0 0 1
151 151 0
0.305202 -0.0196292 0.952085 -0.895699
-0.0424623 -0.999074 -0.00698622 0.0640533
0.951341 -0.0382955 -0.305752 1.15524
-0 -0 0 1
152 152 0
0.0745558 -0.00435146 0.997207 -0.865562
-0.0437126 -0.999044 -0.00109132 0.0622583
0.996258 -0.0435092 -0.0746747 1.09459
-0 -0 0 1
153 153 0
-0.208204 0.00874944 0.978046 -0.824727
-0.0445777 -0.999006 -0.000552625 0.0537365
0.977069 -0.0437141 0.208387 1.0547
-0 -0 0 1
154 154 0
-0.40772 0.0186328 0.912917 -0.782203
-0.0423069 -0.999104 0.00149718 0.0453293
0.912126 -0.0380122 0.408143 1.01328
-0 -0 0 1
155 155 0
-0.588237 0.0206689 0.808424 -0.720862
-0.0386731 -0.999249 -0.00259214 0.0409555
0.807763 -0.0327891 0.588594 1.00631
-0 -0 0 1
156 156 0
-0.73739 0.0203063 0.675162 -0.662421
-0.0341769 -0.999389 -0.00726917 0.0385996
0.674602 -0.0284352 0.737634 1.00022
-0 -0 0 1
157 157 0
-0.848237 0.0228527 0.529123 -0.598556
-0.0297455 -0.999547 -0.00451494 0.0393029
0.528781 -0.0195688 0.848533 1.00088
-0 -0 0 1
158 158 0
-0.926322 0.0222844 0.376073 -0.534434
-0.0255401 -0.999667 -0.0036732 0.0361706
0.375866 -0.0130075 0.926583 1.01053
-0 -0 0 1
159 159 0
-0.960459 0.0202526 0.277684 -0.458739
-0.0210091 -0.999779 0.000251276 0.0273439
0.277628 -0.00559255 0.960672 0.987924
-0 -0 0 1
160 160 0
-0.975768 0.0170996 0.218139 -0.382527
-0.0160339 -0.999849 0.00665479 0.0218036
0.21822 0.00299593 0.975895 0.974705
-0 -0 0 1
161 161 0
-0.994646 0.014348 0.102345 -0.307848
-0.0138799 -0.99989 0.00528382 0.0162012
0.102409 0.00383499 0.994735 0.963633
-0 -0 0 1
162 162 0
-0.99109 0.0138428 -0.13247 -0.237859
-0.0145509 -0.999885 0.00437829 0.0111089
-0.132394 0.00626683 0.991177 0.955435
-0 -0 0 1
163 163 0
-0.954462 0.012487 -0.29807 -0.154414
-0.0138149 -0.999902 0.00234832 0.00635451
-0.298012 0.00635919 0.954541 0.944449
-0 -0 0 1
164 164 0
-0.925273 0.0117524 -0.379119 -0.090853
-0.0119453 -0.999927 -0.00184344 0.00176938
-0.379113 0.00282298 0.925346 0.933883
-0 -0 0 1
165 165 0
-0.857892 0.0146233 -0.513621 -0.038153
-0.0125472 -0.999893 -0.00751051 -0.0214088
-0.513676 1.2912e-06 0.857984 0.906892
-0 -0 0 1
166 166 0
-0.738526 0.0217605 -0.673874 0.0233498
-0.0151618 -0.999762 -0.0156675 -0.0289337
-0.674055 -0.00135366 0.73868 0.867755
-0 -0 0 1
167 167 0
-0.690791 0.0419405 -0.721837 0.0840177
-0.0160301 -0.998959 -0.0427014 -0.0308493
-0.722877 -0.0179266 0.690744 0.845265
-0 -0 0 1
168 168 0
-0.77697 0.0519185 -0.627393 0.118142
-0.00979771 -0.99747 -0.0704098 -0.030034
-0.629462 -0.0485592 0.775513 0.815691
-0 -0 0 1
169 169 0
-0.917617 0.0378845 -0.395657 0.117821
-0.00114655 -0.995695 -0.0926797 -0.0293291
-0.397465 -0.0845908 0.91371 0.799228
-0 -0 0 1
170 170 0
-0.985657 0.00744255 -0.1686 0.148844
0.0126482 -0.99296 -0.117776 -0.0329182
-0.168289 -0.118219 0.978623 0.786005
-0 -0 0 1
171 171 0
-0.982032 -0.0120379 -0.18833 0.218424
0.0354245 -0.991982 -0.121312 -0.0210434
-0.185359 -0.125803 0.974585 0.772293
-0 -0 0 1
172 172 0
-0.952598 -0.0298448 -0.302766 0.275281
0.0434081 -0.998328 -0.0381667 -0.0136044
-0.301121 -0.0495 0.9523 0.801355
-0 -0 0 1
173 173 0
-0.849412 -0.0804006 -0.52157 0.307162
0.0267883 -0.993621 0.109541 -0.0142671
-0.527051 0.0790737 0.846147 0.833423
-0 -0 0 1
174 174 0
-0.645323 -0.138595 -0.751232 0.306903
-0.00831877 -0.982071 0.188329 -0.0175606
-0.763864 0.127782 0.6326 0.88972
-0 -0 0 1
175 175 0
-0.333553 -0.176587 -0.926045 0.27171
-0.0434631 -0.978375 0.202221 -0.0196883
-0.941729 0.1077 0.318665 0.926919
-0 -0 0 1
176 176 0
0.0559176 -0.205665 -0.977024 0.218893
-0.0743636 -0.976695 0.20134 -0.0214938
-0.995662 0.0613965 -0.0699085 0.945681
-0 -0 0 1
177 177 0
0.444444 -0.207054 -0.871549 0.15892
-0.0960931 -0.978327 0.183419 -0.0250437
-0.890638 0.00223051 -0.454708 0.917568
-0 -0 0 1
178 178 0
0.754997 -0.180329 -0.630445 0.113885
-0.106162 -0.982373 0.153858 -0.0258196
-0.647077 -0.049233 -0.760833 0.874644
-0 -0 0 1
179 179 0
0.917472 -0.148584 -0.369009 0.0898851
-0.102924 -0.984703 0.140596 -0.0192494
-0.384254 -0.0910129 -0.91873 0.818177
-0 -0 0 1
180 180 0
0.981642 -0.137619 -0.132062 0.0823911
-0.0994575 -0.960134 0.26125 -0.0096224
-0.16275 -0.243319 -0.956195 0.757513
-0 -0 0 1
181 181 0
0.991551 -0.11728 -0.0554311 0.079509
-0.0906126 -0.931984 0.350991 -0.00678943
-0.092825 -0.343002 -0.934737 0.690908
-0 -0 0 1
182 182 0
0.994525 -0.104226 0.00748597 0.102973
-0.0986029 -0.91232 0.397428 -0.00651105
-0.034593 -0.395991 -0.917603 0.616667
-0 -0 0 1
183 183 0
0.994078 -0.0930696 0.0560891 0.127487
-0.107915 -0.906072 0.409131 -0.00774407
0.0127431 -0.412761 -0.91075 0.545264
-0 -0 0 1
184 184 0
0.995383 -0.0946817 0.0157666 0.154647
-0.0924121 -0.900906 0.424062 -0.00899512
-0.0259466 -0.423561 -0.905496 0.475283
-0 -0 0 1
185 185 0
0.978069 -0.158589 -0.135018 0.168721
-0.0841394 -0.893853 0.440395 -0.0146329
-0.190528 -0.419376 -0.887594 0.39847
-0 -0 0 1
186 186 0
0.936118 -0.218299 -0.275734 0.165479
-0.0918636 -0.908592 0.407457 -0.0198031
-0.339477 -0.356098 -0.870603 0.328958
-0 -0 0 1
187 187 0
0.889686 -0.216828 -0.401801 0.167888
-0.0903594 -0.94625 0.310557 -0.0264541
-0.447542 -0.239992 -0.861458 0.252192
-0 -0 0 1
188 188 0
0.844044 -0.200375 -0.497432 0.154908
-0.089766 -0.967275 0.237322 -0.0292495
-0.528707 -0.155658 -0.83441 0.182471
-0 -0 0 1
189 189 0
0.77109 -0.190031 -0.607708 0.149019
-0.0766959 -0.975196 0.207629 -0.0293107
-0.632091 -0.113492 -0.766538 0.114484
-0 -0 0 1
190 190 0
0.66627 -0.185436 -0.722286 0.148544
-0.0618146 -0.978989 0.19432 -0.0251692
-0.743144 -0.0848219 -0.663734 0.0334267
-0 -0 0 1
191 191 0
0.602576 -0.179851 -0.777531 0.130082
-0.0548884 -0.981308 0.184449 -0.024783
-0.796171 -0.0684674 -0.601185 -0.0445236
-0 -0 0 1
192 192 0
0.460939 -0.172547 -0.870496 0.112878
-0.0371824 -0.983809 0.175319 -0.0251995
-0.886653 -0.0484441 -0.459892 -0.121958
-0 -0 0 1
193 193 0
0.266232 -0.164026 -0.949851 0.0850597
-0.0197051 -0.986135 0.164768 -0.0223245
-0.963707 -0.0251498 -0.265773 -0.18557
-0 -0 0 1
194 194 0
-0.0484233 -0.149481 -0.987578 0.0293146
0.00148617 -0.988748 0.149585 -0.0209521
-0.998826 0.00577571 0.0481006 -0.220537
-0 -0 0 1
195 195 0
-0.369552 -0.131281 -0.91989 -0.00537529
0.0128416 -0.990596 0.136213 -0.0176549
-0.929121 0.0385249 0.367762 -0.253481
-0 -0 0 1
196 196 0
-0.712324 -0.0978084 -0.695002 -0.0183257
0.020888 -0.992758 0.118303 0.0153845
-0.70154 0.0697532 0.709208 -0.284003
-0 -0 0 1
197 197 0
-0.894007 -0.0654999 -0.443239 -0.0279477
0.0142086 -0.992904 0.118068 0.0381272
-0.447827 0.0992562 0.888594 -0.32767
-0 -0 0 1
198 198 0
-0.938617 -0.0451669 -0.341991 -0.0368145
0.00198682 -0.992083 0.125572 0.0487774
-0.344955 0.117184 0.931275 -0.372372
-0 -0 0 1
199 199 0
-0.949374 -0.0433442 -0.311144 -0.0404532
-0.00167567 -0.989723 0.142987 0.0482208
-0.314144 0.13627 0.939545 -0.428908
-0 -0 0 1
200 200 0
-0.960384 -0.0456873 -0.274911 -0.0631784
0.00209157 -0.987624 0.156826 0.0494492
-0.278674 0.150038 0.948593 -0.488979
-0 -0 0 1
201 201 0
-0.970801 -0.0458947 -0.235455 -0.0577515
0.00639636 -0.986131 0.165844 0.0457213
-0.239801 0.159495 0.957631 -0.560388
-0 -0 0 1
202 202 0
-0.973284 -0.0454274 -0.225067 -0.052346
0.00706456 -0.985693 0.168402 0.0444654
-0.229497 0.162313 0.95968 -0.625374
-0 -0 0 1
203 203 0
-0.972577 -0.0458564 -0.228016 -0.0744763
0.00693397 -0.985652 0.168649 0.0456221
-0.232478 0.162443 0.95894 -0.682014
-0 -0 0 1
204 204 0
-0.995417 -0.0340559 -0.0893634 -0.081471
0.0195324 -0.987146 0.158624 0.0475814
-0.0936167 0.156152 0.983287 -0.740068
-0 -0 0 1
205 205 0
-0.999699 -0.0186751 0.0158995 -0.0930812
0.0208797 -0.988128 0.15221 0.044689
0.0128682 0.152496 0.98822 -0.792077
-0 -0 0 1
206 206 0
-0.997719 -0.00739131 0.0670913 -0.10171
0.017009 -0.98944 0.143938 0.0425828
0.0653189 0.144751 0.98731 -0.861617
-0 -0 0 1
207 207 0
-0.997903 -0.00420483 0.0645887 -0.0956964
0.0128414 -0.990913 0.133891 0.0406991
0.0634388 0.134439 0.988889 -0.924037
-0 -0 0 1
208 208 0
-0.999874 -0.00779653 0.0138141 -0.108932
0.00945567 -0.992183 0.124431 0.0388608
0.012736 0.124546 0.992132 -0.995487
-0 -0 0 1
209 209 0
-0.999921 -0.0106461 -0.00668917 -0.137734
0.00976265 -0.992664 0.120514 0.00892124
-0.00792311 0.120439 0.992689 -1.03339
-0 -0 0 1
210 210 0
-0.997069 -0.00956063 0.0759062 -0.177292
0.0173321 -0.994593 0.102394 -0.00866634
0.0745168 0.103409 0.991844 -1.07969
-0 -0 0 1
211 211 0
-0.971977 -0.0052512 0.235015 -0.232927
0.0240907 -0.996712 0.0773637 -0.012423
0.233836 0.0808575 0.968908 -1.09709
-0 -0 0 1
212 212 0
-0.926806 -0.00438128 0.375515 -0.286362
0.0286976 -0.997834 0.0591862 -0.0110184
0.374442 0.0656305 0.924925 -1.11984
-0 -0 0 1
213 213 0
-0.884339 -0.00266057 0.466837 -0.341131
0.0280035 -0.998485 0.0473572 -0.0129273
0.466004 0.0549529 0.883074 -1.13916
-0 -0 0 1
214 214 0
-0.811165 -0.0100834 0.58473 -0.393986
0.0272647 -0.999416 0.0205884 0.00239444
0.584181 0.0326431 0.810966 -1.12994
-0 -0 0 1
215 215 0
-0.682716 -0.0158384 0.730512 -0.441036
0.0279196 -0.9996 0.00442032 0.012787
0.73015 0.0234134 0.682886 -1.13856
-0 -0 0 1
216 216 0
-0.578573 -0.0181067 0.81543 -0.494381
0.0261458 -0.999651 -0.00364608 0.0258665
0.815212 0.0192106 0.578844 -1.1288
-0 -0 0 1
217 217 0
-0.562523 -0.0146094 0.826653 -0.54727
0.0245462 -0.999698 -0.00096434 0.044764
0.826417 0.0197487 0.562711 -1.12315
-0 -0 0 1
218 218 0
-0.479605 -0.0152077 0.877353 -0.607226
0.0249295 -0.999682 -0.00370042 0.0618131
0.87713 0.0200972 0.479832 -1.12914
-0 -0 0 1
219 219 0
-0.318856 -0.0126706 0.947718 -0.659292
0.0214064 -0.999752 -0.00616417 0.0696896
0.947561 0.0183218 0.319048 -1.11441
-0 -0 0 1
220 220 0
-0.168586 -0.00768273 0.985657 -0.716499
0.0173452 -0.999838 -0.00482654 0.0729535
0.985534 0.0162828 0.168692 -1.11597
-0 -0 0 1
221 221 0
-0.059827 0.0331934 0.997657 -0.76352
0.011658 -0.999356 0.033949 0.0729609
0.998141 0.0136617 0.0594014 -1.09959
-0 -0 0 1
222 222 0
0.0394738 0.0904174 0.995121 -0.802396
0.00704633 -0.995898 0.0902084 0.0756405
0.999196 0.00345108 -0.039949 -1.08524
-0 -0 0 1
223 223 0
0.187502 0.126261 0.974116 -0.842069
0.000382597 -0.991714 0.128468 0.0738519
0.982264 -0.0237153 -0.185997 -1.0544
-0 -0 0 1
224 224 0
0.240706 0.131722 0.961619 -0.854906
-0.0168302 -0.990033 0.139827 0.074796
0.970452 -0.0498413 -0.23609 -1.01395
-0 -0 0 1
225 225 0
0.183265 0.143099 0.972593 -0.872974
-0.0314669 -0.987988 0.151293 0.0718706
0.98256 -0.0583312 -0.17656 -0.9761
-0 -0 0 1
226 226 0
0.15424 0.149798 0.976612 -0.87471
-0.036972 -0.986873 0.157211 0.0684104
0.987341 -0.0603555 -0.146677 -0.918908
-0 -0 0 1
227 227 0
0.225366 0.146732 0.963161 -0.863266
-0.0339598 -0.98681 0.158281 0.0636261
0.973682 -0.0683799 -0.21741 -0.867538
-0 -0 0 1
228 228 0
0.31588 0.143657 0.937861 -0.842442
-0.0366073 -0.98589 0.163344 0.055239
0.948093 -0.0859295 -0.306164 -0.819336
-0 -0 0 1
229 229 0
0.430561 0.133676 0.892607 -0.815661
-0.0384286 -0.985359 0.166103 0.0459745
0.901743 -0.105819 -0.419121 -0.77622
-0 -0 0 1
230 230 0
0.489131 0.120244 0.863882 -0.818482
-0.0473199 -0.985335 0.163941 0.030906
0.870926 -0.121067 -0.476268 -0.707132
-0 -0 0 1
231 231 0
0.508333 0.0895489 0.856492 -0.827586
-0.0550349 -0.989167 0.136084 0.0203596
0.8594 -0.116313 -0.497898 -0.658545
-0 -0 0 1
232 232 0
0.462984 0.0259527 0.885987 -0.819824
-0.0594344 -0.996413 0.0602455 0.00982687
0.884372 -0.0805508 -0.45978 -0.637823
-0 -0 0 1
233 233 0
0.370414 -0.0538215 0.927306 -0.826493
-0.054522 -0.997858 -0.0361375 0.00462599
0.927265 -0.0371727 -0.372555 -0.628147
-0 -0 0 1
234 234 0
0.0888216 -0.105533 0.990441 -0.834488
-0.0448263 -0.993787 -0.10187 0.00352049
0.995038 -0.0353496 -0.0930005 -0.614831
-0 -0 0 1
235 235 0
-0.194076 -0.104263 0.97543 -0.844767
-0.0364391 -0.992883 -0.113379 0.00737614
0.98031 -0.0575479 0.188895 -0.584074
-0 -0 0 1
236 236 0
-0.480853 -0.0888483 0.872288 -0.853311
-0.0292585 -0.992673 -0.117239 0.0095841
0.876313 -0.0818967 0.47473 -0.569746
-0 -0 0 1
237 237 0
-0.718237 -0.0561109 0.693533 -0.862802
-0.0255294 -0.993947 -0.106855 0.00539413
0.69533 -0.0944526 0.712457 -0.558342
-0 -0 0 1
238 238 0
-0.89218 -0.0188072 0.451287 -0.866836
-0.0228648 -0.995971 -0.0867097 0.00303312
0.4511 -0.0876793 0.888156 -0.548387
-0 -0 0 1
239 239 0
-0.916936 -0.00770419 0.398959 -0.877354
-0.0248213 -0.996776 -0.0762958 0.000412852
0.39826 -0.0798611 0.913789 -0.51576
-0 -0 0 1
240 240 0
-0.883739 -0.0214887 0.467486 -0.878538
-0.015001 -0.997131 -0.0741926 -0.00164996
0.467739 -0.0725797 0.880882 -0.457316
-0 -0 0 1
241 241 0
-0.837323 -0.0384872 0.545352 -0.834421
0.00148714 -0.997676 -0.0681257 -0.00250032
0.546707 -0.0562322 0.835434 -0.432733
-0 -0 0 1
242 242 0
-0.55115 -0.0385634 0.833515 -0.807713
0.0145096 -0.999223 -0.0366358 -0.00181507
0.83428 -0.00809783 0.551281 -0.406986
-0 -0 0 1
243 243 0
-0.185729 -0.0352348 0.981969 -0.788051
0.0239855 -0.999222 -0.0313173 -0.00144166
0.982308 0.0177365 0.18643 -0.380202
-0 -0 0 1
244 244 0
0.110179 -0.0348168 0.993302 -0.75865
0.018587 -0.999139 -0.0370831 -0.00271729
0.993738 0.0225483 -0.109437 -0.357795
-0 -0 0 1
245 245 0
0.443458 -0.0355531 0.89559 -0.727338
0.00276181 -0.999154 -0.041032 -0.0019821
0.896291 0.0206694 -0.442985 -0.340292
-0 -0 0 1
246 246 0
0.725111 -0.0298381 0.687986 -0.721099
-0.0138646 -0.999491 -0.0287355 0.00259545
0.688493 0.0112978 -0.725155 -0.32493
-0 -0 0 1
247 247 0
0.913357 -0.0265641 0.406293 -0.713148
-0.0283383 -0.999597 -0.00165007 0.0111426
0.406173 -0.0100066 -0.913741 -0.324445
-0 -0 0 1
248 248 0
0.996863 -0.0277306 0.0741335 -0.699964
-0.0332791 -0.996651 0.0746896 0.00744397
0.0718141 -0.0769223 -0.994447 -0.299908
-0 -0 0 1
249 249 0
0.974335 -0.0632007 -0.216051 -0.673198
-0.043692 -0.994621 0.0939139 0.00508987
-0.220824 -0.0820639 -0.971855 -0.287619
-0 -0 0 1
250 250 0
0.853126 -0.100404 -0.511952 -0.631963
-0.0478205 -0.992225 0.114907 -9.86083e-05
-0.519508 -0.0735485 -0.851294 -0.267914
-0 -0 0 1
251 251 0
0.664983 -0.124849 -0.73635 -0.580148
-0.05128 -0.991235 0.121755 0.000412852
-0.745096 -0.0432048 -0.665556 -0.263745
-0 -0 0 1
252 252 0
0.511727 -0.140413 -0.847596 -0.544713
-0.0551833 -0.989889 0.130668 0.00111365
-0.857374 -0.0200934 -0.514302 -0.262052
-0 -0 0 1
253 253 0
0.271783 -0.150022 -0.950593 -0.526371
-0.0463238 -0.988669 0.142786 -0.00242831
-0.961243 0.00522827 -0.275653 -0.296645
-0 -0 0 1
254 254 0
-0.109262 -0.140723 -0.984001 -0.522034
-0.0235088 -0.989285 0.144089 -0.000662711
-0.993735 0.0388761 0.104783 -0.299491
-0 -0 0 1
255 255 0
-0.526304 -0.114644 -0.842532 -0.499719
-0.00521212 -0.990415 0.138022 0.000220584
-0.85028 0.0770332 0.520662 -0.289404
-0 -0 0 1
256 256 0
-0.710909 -0.0856026 -0.698055 -0.474412
-0.00954471 -0.991299 0.131284 -0.00484992
-0.703219 0.0999935 0.703906 -0.2694
-0 -0 0 1
257 257 0
-0.812738 -0.0652073 -0.578969 -0.45201
-0.0117756 -0.991676 0.128219 -0.00642298
-0.582511 0.111026 0.805205 -0.22384
-0 -0 0 1
258 258 0
-0.82112 -0.0571013 -0.567892 -0.429571
-0.0184218 -0.991813 0.126363 -0.0124558
-0.570458 0.114221 0.813346 -0.173458
-0 -0 0 1
259 259 0
-0.866084 -0.0505424 -0.497336 -0.41693
-0.0122437 -0.992433 0.122179 -0.0132909
-0.499748 0.111907 0.858912 -0.111277
-0 -0 0 1
260 260 0
-0.902459 -0.04252 -0.428673 -0.420354
-0.00842474 -0.993184 0.11625 -0.0133686
-0.430694 0.108522 0.89595 -0.0532915
-0 -0 0 1
261 261 0
-0.945942 -0.030777 -0.322873 -0.417378
-0.000863531 -0.995245 0.097399 -0.0168261
-0.324335 0.0924126 0.941417 0.0108429
-0 -0 0 1
262 262 0
-0.955829 -0.0177783 -0.293386 -0.433262
-0.00148029 -0.997865 0.0652904 -0.0158939
-0.29392 0.0628407 0.953762 0.0859192
-0 -0 0 1
263 263 0
-0.944551 -0.0174916 -0.327899 -0.434404
-0.00189015 -0.998274 0.0586973 -0.0161183
-0.32836 0.0560624 0.942888 0.172447
-0 -0 0 1
264 264 0
-0.936429 -0.0182443 -0.350381 -0.43899
4.69894e-05 -0.998654 0.0518741 -0.0146632
-0.350856 0.04856 0.93517 0.257896
-0 -0 0 1
265 265 0
-0.939389 -0.0190625 -0.342324 -0.440934
0.00384639 -0.998976 0.0450736 -0.0161783
-0.342833 0.0410249 0.9385 0.34748
-0 -0 0 1
266 266 0
-0.949501 -0.00611773 -0.313704 -0.426054
0.0095603 -0.99991 -0.00943672 -0.000998621
-0.313618 -0.0119593 0.949474 0.440633
-0 -0 0 1
267 267 0
-0.943881 -0.00957849 -0.330148 -0.405053
0.0135183 -0.999862 -0.00963965 0.0222061
-0.33001 -0.0135617 0.94388 0.520434
-0 -0 0 1
268 268 0
-0.922448 -0.0175446 -0.385723 -0.356995
0.0162165 -0.999846 0.00669638 0.0547494
-0.385781 -7.80305e-05 0.92259 0.585207
-0 -0 0 1
269 269 0
-0.886754 -0.0893692 -0.45352 -0.312483
0.0106998 -0.984838 0.173148 0.0546594
-0.462118 0.148687 0.874265 0.641059
-0 -0 0 1
270 270 0
-0.733068 -0.174195 -0.65747 -0.288026
-0.0368503 -0.955056 0.294128 0.0583742
-0.679156 0.239844 0.693702 0.713242
-0 -0 0 1
271 271 0
-0.38458 -0.297212 -0.873936 -0.292515
-0.0608546 -0.936526 0.345277 0.0588327
-0.921084 0.18597 0.342082 0.771627
-0 -0 0 1
272 272 0
0.00987196 -0.35236 -0.935812 -0.303697
-0.0956672 -0.931898 0.349877 0.0539987
-0.995364 0.0860725 -0.042909 0.81773
-0 -0 0 1
273 273 0
0.421546 -0.346273 -0.838089 -0.330641
-0.118644 -0.937337 0.327603 0.0485553
-0.899012 -0.0386656 -0.436213 0.832854
-0 -0 0 1
274 274 0
0.682645 -0.288418 -0.671424 -0.381003
-0.0994649 -0.946937 0.305641 0.0298973
-0.723949 -0.141861 -0.67511 0.86304
-0 -0 0 1
275 275 0
0.789364 -0.262483 -0.554984 -0.448201
-0.106115 -0.94872 0.297773 0.0183452
-0.604685 -0.176159 -0.776739 0.892796
-0 -0 0 1
276 276 0
0.892294 -0.191797 -0.408688 -0.514478
-0.102348 -0.967638 0.230655 0.00127022
-0.439701 -0.163984 -0.883047 0.895761
-0 -0 0 1
277 277 0
0.982046 -0.109361 -0.153707 -0.57312
-0.0887965 -0.986882 0.134828 -0.0105749
-0.166435 -0.118759 -0.978875 0.885073
-0 -0 0 1
278 278 0
0.99707 -0.0635466 0.0425908 -0.616466
-0.0680017 -0.991271 0.112946 -0.014882
0.0350417 -0.115511 -0.992688 0.842859
-0 -0 0 1
279 279 0
0.962204 -0.0395435 0.269445 -0.627209
-0.058264 -0.996384 0.0618357 -0.0132744
0.266026 -0.0751975 -0.961028 0.77429
-0 -0 0 1
280 280 0
0.860002 -0.0354167 0.509061 -0.628478
-0.049711 -0.998658 0.014502 -0.0160669
0.507864 -0.0377776 -0.860609 0.702132
-0 -0 0 1
281 281 0
0.728591 -0.0365275 0.683974 -0.589941
-0.0459639 -0.998933 -0.0043856 -0.00891902
0.683405 -0.0282428 -0.729493 0.630799
-0 -0 0 1
282 282 0
0.681534 -0.0272449 0.731279 -0.534929
-0.0412207 -0.999149 0.00119184 -0.0208462
0.730624 -0.0309561 -0.682078 0.580402
-0 -0 0 1
283 283 0
0.692986 -0.0149248 0.720797 -0.472908
-0.0365692 -0.999226 0.0144683 -0.0444599
0.720023 -0.0363853 -0.692995 0.527118
-0 -0 0 1
284 284 0
0.803877 -0.0114386 0.594685 -0.424386
-0.0320304 -0.999197 0.0240784 -0.0728986
0.593932 -0.0384041 -0.803598 0.485338
-0 -0 0 1
285 285 0
0.864243 0.0147395 0.502858 -0.379193
-0.0246585 -0.997128 0.0716068 -0.103342
0.50247 -0.0742854 -0.861398 0.476335
-0 -0 0 1
286 286 0
0.964629 0.0294119 0.261967 -0.349509
-0.00631307 -0.990894 0.134497 -0.111326
0.263537 -0.131394 -0.955659 0.479532
-0 -0 0 1
287 287 0
0.998964 0.00115169 0.0454895 -0.335011
-0.00528182 -0.989988 0.141055 -0.102161
0.0451965 -0.141149 -0.988956 0.48248
-0 -0 0 1
288 288 0
0.992879 -0.028864 -0.115579 -0.297534
-0.0117111 -0.989153 0.146421 -0.0265887
-0.118552 -0.144025 -0.982447 0.46513
-0 -0 0 1
289 289 0
0.973731 -0.0578032 -0.220243 -0.21896
-0.0236479 -0.987683 0.154668 -0.00781966
-0.226471 -0.145397 -0.963105 0.432531
