0 0 0
0.805995 -0.0209239 0.591553 -0.560257
0.0204773 -0.997791 -0.0631935 -0.0406484
0.591568 0.063047 -0.803786 0.512341
-0 -0 0 1
1 1 0
0.83221 -0.0183299 0.554157 -0.563326
0.0215449 -0.99763 -0.065354 -0.0397884
0.554041 0.0663275 -0.829843 0.512116
-0 -0 0 1
2 2 0
0.892734 -0.00918775 0.450491 -0.567953
0.0241931 -0.997372 -0.0682847 -0.0400432
0.449934 0.0718588 -0.890166 0.509213
-0 -0 0 1
3 3 0
0.956722 0.00379752 0.290979 -0.581158
0.0266711 -0.996851 -0.0746833 -0.0409664
0.289779 0.0792119 -0.95381 0.506494
-0 -0 0 1
4 4 0
0.995584 0.0211714 0.09146 -0.590866
0.028726 -0.996211 -0.0820901 -0.0407462
0.0893755 0.0843548 -0.992419 0.506285
-0 -0 0 1
5 5 0
0.998313 0.0336534 -0.0473141 -0.595882
0.0295963 -0.996028 -0.0839789 -0.0415613
-0.0499523 0.082437 -0.995344 0.506571
-0 -0 0 1
6 6 0
0.99178 0.0386566 -0.121977 -0.59601
0.0288038 -0.996255 -0.0815299 -0.0395732
-0.124672 0.0773463 -0.989179 0.508064
-0 -0 0 1
7 7 0
0.992963 0.0301702 -0.11452 -0.584348
0.0272058 -0.999255 -0.0273607 -0.0345754
-0.11526 0.0240525 -0.993044 0.507923
-0 -0 0 1
8 8 0
0.998859 0.0185452 -0.0440055 -0.547032
0.0190665 -0.999753 0.0114552 -0.0363896
-0.0437822 -0.0122812 -0.998966 0.503163
-0 -0 0 1
9 9 0
0.999363 0.00981472 0.0343208 -0.491179
0.0088847 -0.999592 0.0271462 -0.0365126
0.0345733 -0.026824 -0.999042 0.486637
-0 -0 0 1
10 10 0
0.99381 0.00351298 0.11104 -0.416059
-0.000840677 -0.999234 0.039137 -0.0358393
0.111092 -0.038988 -0.993045 0.504679
-0 -0 0 1
11 11 0
0.980705 0.000341582 0.195492 -0.341317
-0.00827899 -0.999029 0.0432779 -0.0345526
0.195317 -0.0440614 -0.97975 0.503269
-0 -0 0 1
12 12 0
0.961375 -8.50028e-06 0.275244 -0.257035
-0.0134802 -0.998801 0.0470529 -0.0362567
0.274913 -0.0489458 -0.960222 0.522343
-0 -0 0 1
13 13 0
0.924263 -0.000694627 0.381755 -0.18647
-0.0209853 -0.998579 0.0489904 -0.0333087
0.381178 -0.0532912 -0.922964 0.530656
-0 -0 0 1
14 14 0
0.875641 0.00211517 0.482957 -0.0948708
-0.02601 -0.998333 0.0515306 -0.0347317
0.482261 -0.0576841 -0.874126 0.538789
-0 -0 0 1
15 15 0
0.839335 0.00528395 0.543589 -0.0150956
-0.0277045 -0.998238 0.0524809 -0.0328693
0.542908 -0.0591089 -0.837709 0.556747
-0 -0 0 1
16 16 0
0.923451 0.00198391 0.383712 0.0531304
-0.0160705 -0.998909 0.0438404 -0.0325504
0.38338 -0.0466509 -0.922412 0.530648
-0 -0 0 1
17 17 0
0.977617 -0.000567019 0.210391 0.105522
-0.00816566 -0.999345 0.0352498 -0.0306712
0.210233 -0.0361788 -0.976982 0.478919
-0 -0 0 1
18 18 0
0.99894 -0.000910797 0.0460321 0.162023
-0.00225879 -0.99957 0.0292403 -0.0327317
0.0459857 -0.0293133 -0.998512 0.449289
-0 -0 0 1
19 19 0
0.961955 0.00296452 -0.27319 0.195885
0.00783975 -0.999829 0.0167556 -0.0330732
-0.273094 -0.0182599 -0.961814 0.44314
-0 -0 0 1
20 20 0
0.780252 0.0135488 -0.625318 0.213867
0.0139633 -0.999894 -0.00424175 -0.0334898
-0.625309 -0.00542187 -0.780358 0.477519
-0 -0 0 1
21 21 0
0.602128 0.0307076 -0.797809 0.215035
0.0123117 -0.999498 -0.0291786 -0.0396159
-0.798305 0.00774681 -0.602204 0.510181
-0 -0 0 1
22 22 0
0.311193 0.0581745 -0.948565 0.218734
0.00801744 -0.99825 -0.0585914 -0.0394376
-0.950313 0.0106281 -0.311114 0.529894
-0 -0 0 1
23 23 0
0.0779097 0.0695021 -0.994535 0.219276
0.00655162 -0.997581 -0.0692017 -0.0337586
-0.996939 -0.00112433 -0.0781766 0.528951
-0 -0 0 1
24 24 0
0.113102 -0.00374556 -0.993576 0.224452
0.0109349 -0.999928 0.00501425 -0.0213894
-0.993523 -0.0114318 -0.113053 0.529349
-0 -0 0 1
25 25 0
0.153292 -0.172282 -0.973047 0.230286
0.00535418 -0.984526 0.175158 -0.0145113
-0.988166 -0.0320601 -0.149997 0.524348
-0 -0 0 1
26 26 0
0.216786 -0.30024 -0.928902 0.232344
-0.0125711 -0.95231 0.304873 -0.0108697
-0.976138 -0.0544148 -0.210222 0.519496
-0 -0 0 1
27 27 0
0.311103 -0.341358 -0.886955 0.237662
-0.0401091 -0.937152 0.346608 -0.00746475
-0.94953 -0.0722558 -0.305242 0.513206
-0 -0 0 1
28 28 0
0.482165 -0.347979 -0.804007 0.242161
-0.0713662 -0.930283 0.359833 -0.00998778
-0.873169 -0.11612 -0.473384 0.504086
-0 -0 0 1
29 29 0
0.638469 -0.332519 -0.694109 0.247643
-0.0846981 -0.926732 0.366051 -0.0136227
-0.764973 -0.174923 -0.619854 0.494582
-0 -0 0 1
30 30 0
0.730271 -0.290159 -0.618475 0.251803
-0.0780752 -0.934835 0.346392 -0.0240408
-0.678681 -0.204673 -0.705337 0.490647
-0 -0 0 1
31 31 0
0.7769 -0.204047 -0.595644 0.250839
-0.0661213 -0.96724 0.245101 -0.0323256
-0.626143 -0.151034 -0.76494 0.489216
-0 -0 0 1
32 32 0
0.815151 -0.0814583 -0.573492 0.246806
-0.046999 -0.996099 0.0746815 -0.0388182
-0.577339 -0.0339231 -0.8158 0.484914
-0 -0 0 1
33 33 0
0.838602 0.00183137 -0.544742 0.260555
-0.0216074 -0.999096 -0.0366224 -0.0378868
-0.544316 0.0424821 -0.837804 0.477226
-0 -0 0 1
34 34 0
0.917646 0.0155835 -0.397092 0.284084
-0.000242978 -0.999209 -0.0397744 -0.0317298
-0.397398 0.0365953 -0.916916 0.450025
-0 -0 0 1
35 35 0
0.961049 0.019649 -0.27568 0.353554
0.00918468 -0.999189 -0.039198 -0.00602967
-0.276226 0.0351392 -0.96045 0.430376
-0 -0 0 1
36 36 0
0.975822 0.0231487 -0.217338 0.421712
0.0175411 -0.999462 -0.0276953 0.0320355
-0.217863 0.0232133 -0.975703 0.418531
-0 -0 0 1
37 37 0
0.987211 0.0263104 -0.157233 0.514917
0.0235031 -0.99953 -0.0196879 0.0329056
-0.157677 0.0157407 -0.987365 0.414475
-0 -0 0 1
38 38 0
0.995915 0.0281879 -0.0857782 0.610046
0.0275767 -0.999585 -0.00830138 0.0308289
-0.0859766 0.00590198 -0.99628 0.40625
-0 -0 0 1
39 39 0
0.999355 0.0307946 -0.0184887 0.699711
0.0308806 -0.999513 0.00438298 0.0281533
-0.0183448 -0.0049511 -0.999819 0.413862
-0 -0 0 1
40 40 0
0.998595 0.0349119 0.0398693 0.777766
0.0343672 -0.999307 0.0142686 0.0275468
0.0403398 -0.0128783 -0.999103 0.403887
-0 -0 0 1
41 41 0
0.997487 0.0386355 0.0593951 0.862997
0.0375673 -0.999114 0.0189976 0.0242965
0.0600764 -0.0167185 -0.998054 0.416089
-0 -0 0 1
42 42 0
0.996928 0.042377 0.065872 0.948833
0.041 -0.998914 0.0221171 0.0285496
0.0667377 -0.0193484 -0.997583 0.429431
-0 -0 0 1
43 43 0
0.998839 0.0467346 0.0117108 1.01445
0.0465383 -0.99878 0.0165047 0.0211523
0.0124679 -0.0159405 -0.999795 0.42833
-0 -0 0 1
44 44 0
0.982661 0.0536398 -0.177484 1.06061
0.0536485 -0.998549 -0.00475358 0.00869376
-0.177482 -0.0048506 -0.984112 0.435453
-0 -0 0 1
45 45 0
0.877317 0.0687612 -0.474959 1.09906
0.0605298 -0.997633 -0.032623 0.00174674
-0.476078 -0.000128414 -0.879403 0.451355
-0 -0 0 1
46 46 0
0.825326 0.0777271 -0.559281 1.11316
0.0621202 -0.996967 -0.0468851 -0.00543211
-0.561229 0.00395291 -0.827651 0.502264
-0 -0 0 1
47 47 0
0.745127 0.0884144 -0.661036 1.13343
0.060145 -0.996043 -0.0654258 -0.0101127
-0.664205 0.00899246 -0.747496 0.547799
-0 -0 0 1
48 48 0
0.542322 0.105921 -0.833467 1.15827
0.0485206 -0.994314 -0.0947901 -0.0153784
-0.838769 0.0109664 -0.544378 0.575778
-0 -0 0 1
49 49 0
0.310816 0.124789 -0.942243 1.17418
0.0383629 -0.992183 -0.118749 -0.017802
-0.949696 0.00076186 -0.313174 0.591716
-0 -0 0 1
50 50 0
0.0491495 0.133618 -0.989813 1.18154
0.0330058 -0.990687 -0.132097 -0.018169
-0.998246 -0.0261771 -0.0531019 0.613316
-0 -0 0 1
51 51 0
0.0378673 0.127397 -0.991129 1.16268
0.0403287 -0.991227 -0.125869 0.00205167
-0.998469 -0.0352046 -0.0426729 0.676742
-0 -0 0 1
52 52 0
0.00822628 0.105885 -0.994344 1.16244
0.0440789 -0.99345 -0.105426 0.0244929
-0.998994 -0.0429623 -0.0128397 0.731152
-0 -0 0 1
53 53 0
-0.0221552 0.0137847 -0.99966 1.16092
0.0361271 -0.999241 -0.0145796 0.0349737
-0.999102 -0.0364378 0.0216404 0.732967
-0 -0 0 1
54 54 0
-0.0426663 -0.215993 -0.975462 1.15949
0.026709 -0.976249 0.214999 0.0308061
-0.998732 -0.0168804 0.0474219 0.723351
-0 -0 0 1
55 55 0
-0.0361064 -0.281186 -0.958974 1.13804
0.00327766 -0.959628 0.281254 0.0588613
-0.999343 0.00701187 0.0355703 0.681822
-0 -0 0 1
56 56 0
-0.00782235 -0.311144 -0.950331 1.10288
-0.0218455 -0.95008 0.311242 0.0723136
-0.999731 0.0231951 0.000634742 0.618256
-0 -0 0 1
57 57 0
0.069909 -0.352347 -0.933255 1.08354
-0.0474174 -0.93566 0.349703 0.0678221
-0.996426 0.0198051 -0.0821185 0.533337
-0 -0 0 1
58 58 0
0.154149 -0.365918 -0.917792 1.06866
-0.0649389 -0.930638 0.360133 0.0596069
-0.985911 0.00408648 -0.167219 0.471011
-0 -0 0 1
59 59 0
0.378257 -0.358988 -0.853258 1.05789
-0.0947315 -0.931915 0.350086 0.0490291
-0.920841 -0.0515917 -0.386511 0.43669
-0 -0 0 1
60 60 0
0.631685 -0.300561 -0.714589 1.06644
-0.0788463 -0.941911 0.326475 0.0351208
-0.771205 -0.149887 -0.618689 0.418199
-0 -0 0 1
61 61 0
0.870758 -0.190823 -0.453174 1.08815
-0.0819714 -0.965063 0.248865 0.0171969
-0.48483 -0.179554 -0.855979 0.40992
-0 -0 0 1
62 62 0
0.978858 -0.0840968 -0.186455 1.10931
-0.0477078 -0.980296 0.191684 0.00937886
-0.198902 -0.178736 -0.963583 0.401129
-0 -0 0 1
63 63 0
0.999404 -0.003507 -0.034337 1.12229
-0.00210303 -0.999164 0.0408389 -0.00870096
-0.0344515 -0.0407424 -0.998576 0.395767
-0 -0 0 1
64 64 0
0.998813 0.0227614 0.0430701 1.1236
0.0284333 -0.990296 -0.136035 -0.0257323
0.0395558 0.137098 -0.989767 0.39304
-0 -0 0 1
65 65 0
0.993524 0.0152527 0.112598 1.1248
0.0467141 -0.95816 -0.282395 -0.0382226
0.103579 0.285826 -0.952667 0.399121
-0 -0 0 1
66 66 0
0.982099 -0.00415715 0.18832 1.13328
0.06436 -0.932184 -0.356218 -0.0399017
0.17703 0.361962 -0.915229 0.430825
-0 -0 0 1
67 67 0
0.966802 -0.0280397 0.253982 1.12956
0.080794 -0.909423 -0.407949 -0.0460437
0.242416 0.414926 -0.876967 0.468578
-0 -0 0 1
68 68 0
0.979977 0.00228722 0.1991 1.15096
0.0987357 -0.873917 -0.475941 -0.0497605
0.172908 0.48607 -0.856644 0.488916
-0 -0 0 1
69 69 0
0.991091 0.119954 0.0578802 1.14961
0.132572 -0.846736 -0.515231 -0.0425482
-0.0127947 0.518314 -0.855095 0.518652
-0 -0 0 1
70 70 0
0.913061 0.326357 -0.244563 1.12748
0.1457 -0.821143 -0.551811 -0.0388015
-0.380909 0.468204 -0.797304 0.463523
-0 -0 0 1
71 71 0
0.835408 0.392094 -0.38517 1.0682
0.135129 -0.825791 -0.547549 -0.035262
-0.532761 0.405379 -0.742855 0.412194
-0 -0 0 1
72 72 0
0.749132 0.40087 -0.527356 1.01656
0.109717 -0.860196 -0.498021 -0.0258674
-0.653271 0.315224 -0.688383 0.395783
-0 -0 0 1
73 73 0
0.545944 0.351682 -0.760437 0.991974
0.0766924 -0.924803 -0.372637 -0.0213219
-0.834304 0.145119 -0.531862 0.388277
-0 -0 0 1
74 74 0
0.264771 0.336202 -0.903805 1.0024
0.0575116 -0.941092 -0.333224 -0.0232277
-0.962595 0.036249 -0.26851 0.405599
-0 -0 0 1
75 75 0
-0.0668968 0.315268 -0.946642 0.97285
0.03597 -0.947388 -0.318059 -0.0192096
-0.997111 -0.0553278 0.0520371 0.414159
-0 -0 0 1
76 76 0
-0.459509 0.23235 -0.857243 0.934965
0.0233551 -0.96168 -0.273176 -0.0202
-0.887866 -0.145548 0.436474 0.420392
-0 -0 0 1
77 77 0
-0.808939 0.14101 -0.570731 0.883159
0.0157819 -0.96525 -0.260851 -0.0231917
-0.587681 -0.22002 0.778603 0.394302
-0 -0 0 1
78 78 0
-0.979505 0.0341643 -0.198503 0.841013
0.0144418 -0.971062 -0.238392 -0.0235746
-0.200903 -0.236373 0.950666 0.385268
-0 -0 0 1
79 79 0
-0.979995 -0.0610402 0.18943 0.779131
0.0166447 -0.973608 -0.227618 -0.0196681
0.198324 -0.219911 0.955147 0.393157
-0 -0 0 1
80 80 0
-0.880491 -0.116243 0.459589 0.721857
0.0210476 -0.978101 -0.207066 -0.0209433
0.473595 -0.172647 0.863656 0.359583
-0 -0 0 1
81 81 0
-0.670424 -0.15935 0.724664 0.665051
0.0187473 -0.979992 -0.198152 -0.0246226
0.741741 -0.11926 0.659998 0.335474
-0 -0 0 1
82 82 0
-0.450363 -0.183555 0.873774 0.612943
0.0276801 -0.981039 -0.191822 -0.0268017
0.892416 -0.0622033 0.446905 0.280029
-0 -0 0 1
83 83 0
-0.369712 -0.180356 0.911474 0.542363
0.0362523 -0.983033 -0.179811 -0.0256719
0.928439 -0.0334352 0.369977 0.234075
-0 -0 0 1
84 84 0
-0.460659 -0.168241 0.871486 0.487032
0.0376156 -0.984689 -0.170212 -0.0191392
0.88678 -0.0456282 0.459934 0.170618
-0 -0 0 1
85 85 0
-0.615832 -0.141252 0.775112 0.466389
0.0224391 -0.986543 -0.161954 0.0114304
0.787558 -0.0823436 0.610714 0.0877982
-0 -0 0 1
86 86 0
-0.67515 -0.138888 0.724488 0.448946
0.00267907 -0.982571 -0.185868 0.0166672
0.737676 -0.123548 0.663755 -0.00324262
-0 -0 0 1
87 87 0
-0.736004 -0.154272 0.659165 0.441526
-0.00457679 -0.972532 -0.232723 0.0121171
0.676962 -0.174302 0.715081 -0.115877
-0 -0 0 1
88 88 0
-0.77429 -0.152829 0.6141 0.431722
-0.00781856 -0.968016 -0.250765 0.0158508
0.632783 -0.198966 0.74833 -0.218791
-0 -0 0 1
89 89 0
-0.742086 -0.167994 0.648912 0.462957
-0.00824359 -0.965724 -0.25944 0.0148757
0.670254 -0.197876 0.715265 -0.308825
-0 -0 0 1
90 90 0
-0.720139 -0.191037 0.667012 0.507909
0.00567502 -0.962937 -0.269666 0.015744
0.693807 -0.190411 0.694533 -0.392774
-0 -0 0 1
91 91 0
-0.707028 -0.202919 0.677447 0.513936
0.0142277 -0.961836 -0.273255 0.0116099
0.707042 -0.18356 0.682932 -0.490409
-0 -0 0 1
92 92 0
-0.73398 -0.205391 0.647369 0.553283
0.0232097 -0.960205 -0.27833 0.013194
0.678774 -0.189264 0.709539 -0.594091
-0 -0 0 1
93 93 0
-0.773667 -0.194906 0.602868 0.623218
0.0206838 -0.958771 -0.283425 0.0102832
0.633254 -0.206807 0.745802 -0.684626
-0 -0 0 1
94 94 0
-0.82618 -0.162945 0.539329 0.697615
0.0148219 -0.963219 -0.268307 0.00546234
0.563211 -0.213676 0.798208 -0.755695
-0 -0 0 1
95 95 0
-0.861391 -0.100498 0.497902 0.740254
0.000166279 -0.980288 -0.197576 0.00386282
0.507943 -0.170107 0.844427 -0.833424
-0 -0 0 1
96 96 0
-0.8124 -0.0550291 0.580498 0.773038
-0.0167075 -0.992931 -0.117508 0.00502872
0.582861 -0.105162 0.805738 -0.893426
-0 -0 0 1
97 97 0
-0.79522 -0.0505597 0.604209 0.803856
-0.0154505 -0.994504 -0.103554 0.00174674
0.606124 -0.0916835 0.790068 -0.901067
-0 -0 0 1
98 98 0
-0.840518 -0.0379145 0.540455 0.895123
-0.0162279 -0.995339 -0.0950637 -0.00163079
0.54154 -0.0886733 0.835985 -0.891782
-0 -0 0 1
99 99 0
-0.945076 -0.0085785 0.326738 0.989177
-0.0213786 -0.995892 -0.0879841 0.000770801
0.32615 -0.0901368 0.941011 -0.861922
-0 -0 0 1
100 100 0
-0.998163 0.0361779 0.0486002 1.06329
-0.0403937 -0.995233 -0.088766 0.000209871
0.0451572 -0.090566 0.994866 -0.803252
-0 -0 0 1
101 101 0
-0.983318 0.066063 -0.169472 1.12556
-0.0511968 -0.994567 -0.0906422 0.00128148
-0.174539 -0.0804537 0.981358 -0.736895
-0 -0 0 1
102 102 0
-0.93826 0.0838915 -0.335604 1.17653
-0.0576592 -0.994503 -0.0873977 0.00340459
-0.341092 -0.0626511 0.93794 -0.658993
-0 -0 0 1
103 103 0
-0.856866 0.0965731 -0.506414 1.17947
-0.0588159 -0.994197 -0.0900753 0.00278395
-0.512174 -0.0473973 0.857573 -0.571093
-0 -0 0 1
104 104 0
-0.780519 0.0984218 -0.617336 1.18779
-0.0562165 -0.994578 -0.087489 0.00524128
-0.622599 -0.0335823 0.78182 -0.48595
-0 -0 0 1
105 105 0
-0.731197 0.0946137 -0.675573 1.20645
-0.0534525 -0.995237 -0.0815288 0.00261591
-0.680069 -0.0235026 0.732772 -0.451763
-0 -0 0 1
106 106 0
-0.624998 0.100182 -0.774171 1.16477
-0.0522729 -0.994876 -0.0865423 -0.00206912
-0.778874 -0.0136206 0.627032 -0.476231
-0 -0 0 1
107 107 0
-0.575754 0.0927258 -0.812348 1.0945
-0.049757 -0.995681 -0.078387 -0.00604454
-0.816107 -0.00471169 0.577881 -0.517104
-0 -0 0 1
108 108 0
-0.591722 0.0872868 -0.801403 1.01716
-0.045184 -0.996149 -0.0751362 -0.0150897
-0.804875 -0.00824911 0.593387 -0.588866
-0 -0 0 1
109 109 0
-0.695061 0.0713834 -0.715398 0.954391
-0.0345319 -0.997225 -0.0659542 -0.0123196
-0.718121 -0.0211382 0.695597 -0.650039
-0 -0 0 1
110 110 0
-0.76351 -0.0159686 -0.645599 0.886575
-0.0214206 -0.998518 0.0500307 -0.00655875
-0.645441 0.0520281 0.762036 -0.699484
-0 -0 0 1
111 111 0
-0.838306 -0.0881844 -0.53802 0.828212
-0.0107306 -0.983972 0.177998 -2.37378e-05
-0.545094 0.15499 0.823924 -0.749057
-0 -0 0 1
112 112 0
-0.890399 -0.142658 -0.432249 0.796792
-0.017786 -0.937989 0.346208 0.0118803
-0.454834 0.315951 0.832647 -0.767116
-0 -0 0 1
113 113 0
-0.921403 -0.166276 -0.351239 0.731075
-0.0301315 -0.870548 0.491161 0.0134015
-0.387439 0.46314 0.797115 -0.781905
-0 -0 0 1
114 114 0
-0.980908 -0.0682882 -0.18209 0.647367
-0.0527047 -0.807933 0.586912 0.0167792
-0.187196 0.585304 0.788909 -0.791542
-0 -0 0 1
115 115 0
-0.990432 0.127536 0.0527162 0.579557
-0.0676399 -0.781598 0.620104 0.0167731
0.120289 0.610606 0.782746 -0.779745
-0 -0 0 1
116 116 0
-0.903615 0.315541 0.28968 0.505432
-0.0653523 -0.769915 0.634792 0.0133304
0.423331 0.554676 0.716328 -0.787189
-0 -0 0 1
117 117 0
-0.914005 0.31212 0.259185 0.442396
-0.0794678 -0.764212 0.640051 0.0192173
0.397845 0.564413 0.723297 -0.759835
-0 -0 0 1
118 118 0
-0.94875 0.272405 0.160214 0.42275
-0.0843731 -0.706896 0.702267 0.0200976
0.304555 0.652758 0.693652 -0.686177
-0 -0 0 1
119 119 0
-0.995202 0.0957483 -0.0201225 0.383977
-0.0815895 -0.698657 0.710789 0.0187102
0.0539981 0.709021 0.703117 -0.599083
-0 -0 0 1
120 120 0
-0.968425 -0.120551 -0.218223 0.360545
-0.0731694 -0.699336 0.711038 0.0169481
-0.238327 0.704554 0.668434 -0.509206
-0 -0 0 1
121 121 0
-0.809535 -0.381061 -0.446594 0.334704
-0.0706681 -0.691931 0.718497 0.0136087
-0.582803 0.613208 0.533213 -0.42434
-0 -0 0 1
122 122 0
-0.496728 -0.61879 -0.608572 0.311073
-0.0680809 -0.671255 0.738093 0.0118885
-0.865232 0.408064 0.291304 -0.355266
-0 -0 0 1
123 123 0
-0.0262005 -0.744091 -0.667564 0.332702
-0.044887 -0.666244 0.744382 0.0161688
-0.998648 0.0494681 -0.0159441 -0.307455
-0 -0 0 1
124 124 0
0.477038 -0.675269 -0.562536 0.348431
-0.0371352 -0.654973 0.75474 0.0177562
-0.878098 -0.33915 -0.337523 -0.22908
-0 -0 0 1
125 125 0
0.844734 -0.461125 -0.27164 0.339141
-0.0266706 -0.543201 0.839179 0.0244204
-0.534521 -0.701638 -0.471159 -0.168095
-0 -0 0 1
126 126 0
0.99117 -0.130637 -0.0227251 0.343584
-0.0382306 -0.44565 0.894391 0.025178
-0.126968 -0.885624 -0.446709 -0.0821191
-0 -0 0 1
127 127 0
0.943339 0.275736 0.184609 0.30501
-0.0472177 -0.439135 0.897179 0.0241701
0.328453 -0.855061 -0.401234 0.00631708
-0 -0 0 1
128 128 0
0.768613 0.552507 0.322444 0.235772
-0.0626974 -0.436557 0.897489 0.0194483
0.636634 -0.710039 -0.300902 0.0590337
-0 -0 0 1
129 129 0
0.572701 0.713865 0.403002 0.172941
-0.0718721 -0.445989 0.892148 0.0137282
0.816608 -0.539899 -0.204111 0.119487
-0 -0 0 1
130 130 0
0.513595 0.703987 0.490533 0.150033
-0.0780605 -0.530988 0.843776 -0.00228501
0.854474 -0.471651 -0.217759 0.151909
-0 -0 0 1
131 131 0
0.490824 0.570763 0.658271 0.16085
-0.0766069 -0.724343 0.685171 -0.0121754
0.867884 -0.386727 -0.311801 0.174939
-0 -0 0 1
132 132 0
0.585479 0.39213 0.709541 0.156974
-0.0539744 -0.854437 0.516744 -0.0174242
0.808889 -0.34084 -0.47909 0.185782
-0 -0 0 1
133 133 0
0.845961 0.173358 0.504279 0.180736
-0.0192318 -0.935146 0.353741 -0.0201787
0.532898 -0.30895 -0.787763 0.175459
-0 -0 0 1
134 134 0
0.963251 0.0669517 0.260126 0.168788
0.00306169 -0.971111 0.238609 -0.0283575
0.268586 -0.229044 -0.935628 0.141447
-0 -0 0 1
135 135 0
0.997079 0.0119217 -0.0754367 0.158127
0.0257093 -0.982488 0.184543 -0.0237613
-0.0719156 -0.185943 -0.979925 0.0738993
-0 -0 0 1
136 136 0
0.890161 -0.0379876 -0.454061 0.139918
0.0374016 -0.987064 0.155903 -0.0263993
-0.454109 -0.155762 -0.877225 0.00556062
-0 -0 0 1
137 137 0
0.656044 -0.0630045 -0.752088 0.122074
0.0426627 -0.99182 0.120302 -0.00415498
-0.753516 -0.11101 -0.64799 -0.0599238
-0 -0 0 1
138 138 0
0.396165 -0.077523 -0.914901 0.0976209
0.0411963 -0.993925 0.102058 0.0113049
-0.917255 -0.0781222 -0.390565 -0.114472
-0 -0 0 1
139 139 0
-0.0982732 -0.0657407 -0.992986 0.0683624
0.0242664 -0.997677 0.0636497 0.00767001
-0.994864 -0.0178411 0.0996402 -0.118728
-0 -0 0 1
140 140 0
-0.445807 -0.0460373 -0.893945 0.0243326
0.00135697 -0.99871 0.0507559 0.00176087
-0.895128 0.0214143 0.445294 -0.102879
-0 -0 0 1
141 141 0
-0.812251 -0.0156855 -0.583097 -0.00225006
-0.0121167 -0.998969 0.0437512 -0.00222225
-0.583182 0.0426022 0.811224 -0.0723503
-0 -0 0 1
142 142 0
-0.996161 0.0198268 -0.0852603 -0.0301506
-0.0236436 -0.998752 0.0439924 -0.00479062
-0.0842817 0.0458394 0.995387 -0.0606443
-0 -0 0 1
143 143 0
-0.93084 0.0453037 0.362607 -0.0717385
-0.0263647 -0.998025 0.0570117 -0.00504719
0.364474 0.0435087 0.930197 -0.0592903
-0 -0 0 1
144 144 0
-0.794784 0.0539198 0.604493 -0.123169
-0.0194303 -0.997796 0.063455 -0.00440528
0.606581 0.0386875 0.79408 -0.0776636
-0 -0 0 1
145 145 0
-0.659031 0.0496984 0.750472 -0.169258
-0.00274821 -0.997967 0.0636749 -0.000563865
0.75211 0.0399013 0.657828 -0.104031
-0 -0 0 1
146 146 0
-0.498297 0.0486974 0.865638 -0.213158
0.0167548 -0.997694 0.0657712 0.00917573
0.866845 0.0472772 0.496332 -0.12062
-0 -0 0 1
147 147 0
-0.255248 0.0520713 0.965472 -0.268867
0.0346843 -0.997413 0.0629636 0.00552496
0.966253 0.0495581 0.252781 -0.150212
-0 -0 0 1
148 148 0
0.0288027 0.0530659 0.998176 -0.324821
0.0486556 -0.997481 0.051625 0.000124783
0.9984 0.0470799 -0.0313121 -0.173583
-0 -0 0 1
149 149 0
0.175973 0.0603725 0.982542 -0.385149
0.0547418 -0.997173 0.0514673 -0.00380055
0.982872 0.0447293 -0.17878 -0.178574
-0 -0 0 1
150 150 0
0.172262 0.0691401 0.982622 -0.419201
0.0230315 -0.997544 0.0661525 -0.0106768
0.984782 0.0112357 -0.173431 -0.197393
-0 -0 0 1
151 151 0
0.142553 0.075059 0.986937 -0.453965
-0.000758162 -0.997112 0.0759423 -0.0122873
0.989787 -0.0115741 -0.142084 -0.181889
-0 -0 0 1
152 152 0
0.114716 0.135227 0.984151 -0.517454
-0.00755465 -0.990544 0.136986 -0.0138012
0.99337 -0.0231494 -0.11261 -0.182126
-0 -0 0 1
153 153 0
0.088204 0.299094 0.950138 -0.585613
-0.00800882 -0.953612 0.300931 -0.0123181
0.99607 -0.0341528 -0.081717 -0.173469
-0 -0 0 1
154 154 0
0.0476738 0.364491 0.929986 -0.664406
-0.0155789 -0.93066 0.365554 -0.0115752
0.998741 -0.0319155 -0.0386897 -0.15921
-0 -0 0 1
155 155 0
0.00359893 0.477394 0.878682 -0.727931
-0.0279144 -0.878297 0.4773 -0.00772931
0.999604 -0.0262456 0.0101652 -0.153343
-0 -0 0 1
156 156 0
-0.0349533 0.548911 0.83515 -0.80164
-0.0372101 -0.835796 0.547778 -0.00606808
0.998696 -0.0119294 0.0496388 -0.149856
-0 -0 0 1
157 157 0
-0.0712864 0.574342 0.815505 -0.862409
-0.0451238 -0.818605 0.572581 -0.00402018
0.996435 0.00401857 0.0842719 -0.151452
-0 -0 0 1
158 158 0
-0.104996 0.588352 0.801759 -0.917964
-0.0558263 -0.808431 0.585937 -0.00342569
0.992904 0.0167619 0.117728 -0.154125
-0 -0 0 1
159 159 0
-0.124076 0.616343 0.777642 -0.954212
-0.0623278 -0.786991 0.613808 0.00157774
0.990313 0.0276904 0.136062 -0.161089
-0 -0 0 1
160 160 0
-0.118962 0.768015 0.629286 -0.964217
-0.0572129 -0.638036 0.767878 0.0105859
0.991249 0.0553449 0.119842 -0.141849
-0 -0 0 1
161 161 0
0.00662887 0.854979 0.51862 -0.973681
-0.0668537 -0.517092 0.853315 0.013679
0.997741 -0.0403282 0.0537308 -0.14603
-0 -0 0 1
162 162 0
0.0959323 0.909469 0.404554 -0.982123
-0.0732247 -0.398879 0.914075 0.0140868
0.992691 -0.117313 0.0283301 -0.145604
-0 -0 0 1
163 163 0
0.413123 0.830559 0.373499 -0.981764
-0.0703682 -0.379794 0.922391 0.00938501
0.907952 -0.407343 -0.0984567 -0.147483
-0 -0 0 1
164 164 0
0.712218 0.617217 0.334349 -0.979619
-0.067404 -0.413974 0.90779 -0.00102393
0.698715 -0.66908 -0.253237 -0.147574
-0 -0 0 1
165 165 0
0.83781 0.403493 0.367787 -0.981095
-0.0754153 -0.581662 0.809927 -0.0099592
0.540728 -0.706302 -0.456893 -0.165422
-0 -0 0 1
166 166 0
0.896779 0.24661 0.367384 -0.979181
-0.0862537 -0.716929 0.69179 -0.0172075
0.43399 -0.652071 -0.621656 -0.16878
-0 -0 0 1
167 167 0
0.970106 0.0533754 0.236741 -0.982615
-0.0795852 -0.851597 0.51812 -0.0271253
0.229263 -0.521473 -0.821891 -0.175855
-0 -0 0 1
168 168 0
0.987875 -0.01826 0.154176 -0.982
-0.0714144 -0.935208 0.346823 -0.0372259
0.137853 -0.353628 -0.925172 -0.179644
-0 -0 0 1
169 169 0
0.987636 -0.0398287 0.151618 -0.981795
-0.0643709 -0.984921 0.160581 -0.0477289
0.142936 -0.168355 -0.975308 -0.183738
-0 -0 0 1
170 170 0
0.989762 -0.0517506 0.133019 -0.983405
-0.0507125 -0.998651 -0.0111824 -0.0590499
0.133418 0.0043222 -0.99105 -0.187117
-0 -0 0 1
171 171 0
0.993438 -0.0475659 0.104012 -0.977542
-0.0352438 -0.992477 -0.11725 -0.0553815
0.108807 0.112815 -0.98764 -0.146961
-0 -0 0 1
172 172 0
0.990899 -0.0315323 0.130861 -0.958107
-0.0159428 -0.992825 -0.118511 -0.042854
0.133659 0.115346 -0.984292 -0.0739678
-0 -0 0 1
173 173 0
0.987281 -0.0165097 0.158123 -0.957615
0.000981983 -0.993941 -0.109909 -0.00321723
0.158979 0.108666 -0.981283 -0.0163191
-0 -0 0 1
174 174 0
0.981941 -0.00470223 0.189128 -0.956041
0.0145844 -0.994835 -0.100456 0.0262975
0.188624 0.1014 -0.9768 0.0495796
-0 -0 0 1
175 175 0
0.976929 0.000780935 0.213563 -0.956225
0.0215081 -0.995269 -0.0947477 0.0281569
0.212479 0.0971552 -0.972324 0.133391
-0 -0 0 1
176 176 0
0.970807 0.000730279 0.239863 -0.959643
0.0241042 -0.99523 -0.0945277 0.0199648
0.23865 0.0975498 -0.966194 0.217001
-0 -0 0 1
177 177 0
0.966543 -0.00341828 0.256482 -0.965541
0.0232585 -0.994624 -0.100905 0.0191813
0.255448 0.103494 -0.961268 0.292217
-0 -0 0 1
178 178 0
0.973902 -0.00666728 0.22687 -0.954742
0.0171256 -0.99456 -0.102745 0.0160869
0.226321 0.103948 -0.96849 0.363517
-0 -0 0 1
179 179 0
0.976028 0.0179261 0.216906 -0.930702
0.00962797 -0.999183 0.0392534 0.0149779
0.217432 -0.036224 -0.975403 0.418869
-0 -0 0 1
180 180 0
0.981767 0.0313588 0.187486 -0.909132
0.000965072 -0.987108 0.16005 0.00124707
0.190088 -0.156951 -0.96914 0.474214
-0 -0 0 1
181 181 0
0.978444 0.0519115 0.199883 -0.891689
-0.0100329 -0.954799 0.297082 -0.016069
0.20627 -0.292684 -0.933696 0.524169
-0 -0 0 1
182 182 0
0.972476 0.0663007 0.223371 -0.851259
-0.026301 -0.921299 0.387964 -0.010099
0.231513 -0.383161 -0.894197 0.550173
-0 -0 0 1
183 183 0
0.965985 0.122478 0.227755 -0.848759
-0.0359696 -0.80853 0.587354 0.00635449
0.256085 -0.575568 -0.776623 0.564802
-0 -0 0 1
184 184 0
0.950237 0.155258 0.270082 -0.773583
-0.0595609 -0.760425 0.646689 0.000257346
0.30578 -0.630594 -0.713337 0.565348
-0 -0 0 1
185 185 0
0.867889 0.27853 0.411327 -0.706133
-0.0718889 -0.748884 0.65879 0.00174674
0.491529 -0.601327 -0.629925 0.565268
-0 -0 0 1
186 186 0
0.730569 0.405115 0.549683 -0.630873
-0.0854966 -0.744392 0.662247 -0.00174504
0.677466 -0.530813 -0.509194 0.565635
-0 -0 0 1
187 187 0
0.481327 0.509821 0.713027 -0.583282
-0.10505 -0.774041 0.62436 -0.00901057
0.870224 -0.375425 -0.31901 0.575664
-0 -0 0 1
188 188 0
0.337586 0.44125 0.831465 -0.574079
-0.112468 -0.858085 0.501041 -0.0210261
0.934551 -0.262658 -0.240051 0.57576
-0 -0 0 1
189 189 0
0.257959 0.353995 0.898969 -0.5778
-0.106118 -0.914448 0.390542 -0.0317281
0.96031 -0.196141 -0.198325 0.56999
-0 -0 0 1
190 190 0
0.147196 0.241603 0.959146 -0.577304
-0.0959405 -0.961649 0.256957 -0.039592
0.984443 -0.129844 -0.118371 0.56882
-0 -0 0 1
191 191 0
0.111313 0.123172 0.986123 -0.57272
-0.0127922 -0.99203 0.125354 -0.0466573
0.993703 -0.0265682 -0.108851 0.566825
-0 -0 0 1
192 192 0
0.0834444 0.0202917 0.996306 -0.568959
0.00860492 -0.99977 0.0196416 -0.0552084
0.996475 0.00693415 -0.0835998 0.56501
-0 -0 0 1
193 193 0
-0.00622056 -0.0583169 0.998279 -0.542928
0.0176394 -0.998149 -0.0581994 -0.0472733
0.999825 0.017247 0.00723772 0.573057
-0 -0 0 1
194 194 0
-0.0701975 -0.0610882 0.995661 -0.450768
0.0322481 -0.99774 -0.0589422 -0.0173062
0.997012 0.0279705 0.0720088 0.561126
-0 -0 0 1
195 195 0
-0.138935 0.0823215 0.986874 -0.376475
0.0382224 -0.995351 0.0884097 0.00230254
0.989564 0.050004 0.135143 0.572692
-0 -0 0 1
196 196 0
-0.026613 0.186922 0.982014 -0.318707
0.0567038 -0.980498 0.18817 0.00477442
0.998036 0.0606917 0.0154948 0.557973
-0 -0 0 1
197 197 0
0.467001 0.183779 0.864948 -0.274404
0.0643744 -0.982634 0.174027 0.000237269
0.881911 -0.0255903 -0.470722 0.540192
-0 -0 0 1
198 198 0
0.841557 0.131148 0.524006 -0.212587
0.0577691 -0.986367 0.15409 -0.00203708
0.537071 -0.0994044 -0.83766 0.516373
-0 -0 0 1
199 199 0
0.956752 0.0830032 0.278812 -0.16884
0.0380245 -0.98589 0.16302 -0.00794235
0.288409 -0.145368 -0.946408 0.489753
-0 -0 0 1
200 200 0
0.990678 0.0130368 -0.135602 -0.129958
0.0353939 -0.985859 0.163799 -0.00323757
-0.131549 -0.167071 -0.977129 0.466762
-0 -0 0 1
201 201 0
0.862441 -0.0614179 -0.502418 -0.131126
0.0238119 -0.986589 0.16148 -0.00304859
-0.505597 -0.151231 -0.849412 0.425683
-0 -0 0 1
202 202 0
0.67498 -0.120218 -0.727976 -0.125273
0.00828601 -0.98534 0.170402 -0.00331955
-0.73779 -0.12105 -0.664088 0.363683
-0 -0 0 1
203 203 0
0.421527 -0.160458 -0.892507 -0.125601
0.00499529 -0.983795 0.179229 -0.00391849
-0.906802 -0.0800082 -0.413894 0.292503
-0 -0 0 1
204 204 0
0.110776 -0.178168 -0.977745 -0.136852
0.00825481 -0.983601 0.18017 -0.0087501
-0.993811 -0.0280297 -0.107489 0.226547
-0 -0 0 1
205 205 0
-0.168458 -0.174853 -0.970076 -0.122885
0.00646529 -0.984316 0.176297 -0.00718875
-0.985688 0.0234268 0.166946 0.155862
-0 -0 0 1
206 206 0
-0.360305 -0.168297 -0.917527 -0.114427
0.00731618 -0.98407 0.177629 -0.00648346
-0.932806 0.057288 0.355797 0.0787813
-0 -0 0 1
207 207 0
-0.373629 -0.151708 -0.915088 -0.11595
0.00235737 -0.986687 0.162615 -0.00845059
-0.927575 0.0586006 0.369012 0.017301
-0 -0 0 1
208 208 0
-0.454072 -0.119948 -0.882854 -0.117985
0.0193539 -0.99199 0.124821 -0.013393
-0.890755 0.0395912 0.452757 -0.0643363
-0 -0 0 1
209 209 0
-0.461041 -0.117931 -0.879507 -0.107297
0.0269219 -0.992532 0.118974 -0.00937566
-0.88697 0.0311737 0.460773 -0.14718
-0 -0 0 1
210 210 0
-0.51202 -0.115931 -0.851114 -0.0957641
0.0395422 -0.992981 0.111466 -0.0107219
-0.858063 0.023418 0.51301 -0.231308
-0 -0 0 1
211 211 0
-0.598839 -0.0890931 -0.795898 -0.0816411
0.05048 -0.996016 0.0735129 -0.0179187
-0.799277 0.00384548 0.600951 -0.284592
-0 -0 0 1
212 212 0
-0.778935 -0.0517094 -0.624969 -0.0697075
0.0591711 -0.998209 0.00884256 -0.0257608
-0.624307 -0.0300924 0.780599 -0.340231
-0 -0 0 1
213 213 0
-0.926383 -0.00412471 -0.37656 -0.0668701
0.0537212 -0.991161 -0.121304 -0.00100448
-0.372731 -0.132603 0.918416 -0.391794
-0 -0 0 1
214 214 0
-0.955112 -0.026587 -0.295049 -0.0621936
0.0652751 -0.990374 -0.122061 0.000109086
-0.288964 -0.135841 0.947653 -0.486431
-0 -0 0 1
215 215 0
-0.94786 -0.03071 -0.317203 -0.0541131
0.07333 -0.989655 -0.12331 -0.00182109
-0.310135 -0.140141 0.940307 -0.572198
-0 -0 0 1
216 216 0
-0.925793 -0.0264165 -0.377106 -0.014013
0.0772134 -0.989739 -0.120227 -0.01686
-0.370061 -0.140423 0.918333 -0.639548
-0 -0 0 1
217 217 0
-0.968594 -0.0337147 -0.246353 0.0123823
0.0697206 -0.987845 -0.138931 -0.0131975
-0.238674 -0.151744 0.959171 -0.693351
-0 -0 0 1
218 218 0
-0.995813 -0.0714565 0.0570197 0.0413041
0.0614161 -0.984926 -0.161707 -0.0106828
0.0677152 -0.157528 0.98519 -0.741255
-0 -0 0 1
219 219 0
-0.900336 -0.126746 0.416329 0.0623487
0.0569074 -0.982724 -0.176113 -0.0126099
0.431458 -0.134868 0.891995 -0.790276
-0 -0 0 1
220 220 0
-0.68598 -0.159163 0.709999 0.0282213
0.0448515 -0.983176 -0.177068 -0.0166296
0.726237 -0.0896207 0.681578 -0.821122
-0 -0 0 1
221 221 0
-0.489848 -0.121845 0.863251 -0.0357332
0.0481874 -0.992456 -0.112739 -0.0236066
0.870475 -0.0136269 0.492024 -0.849054
-0 -0 0 1
222 222 0
-0.426209 -0.0636165 0.902385 -0.0808547
0.0555785 -0.997481 -0.0440701 -0.0255899
0.902916 0.0313701 0.428672 -0.856755
-0 -0 0 1
223 223 0
-0.399282 -0.00992426 0.916774 -0.133781
0.0502324 -0.998676 0.0110668 -0.0179131
0.915451 0.0504706 0.399252 -0.855587
-0 -0 0 1
224 224 0
-0.427507 0.130438 0.894552 -0.192065
0.039254 -0.985924 0.16252 -0.00629579
0.903159 0.104593 0.416369 -0.836047
-0 -0 0 1
225 225 0
-0.44838 0.243877 0.85993 -0.259563
0.0291943 -0.95755 0.286785 0.00638995
0.893366 0.153694 0.422227 -0.827568
-0 -0 0 1
226 226 0
-0.469915 0.252582 0.845803 -0.350607
0.0188277 -0.955101 0.295683 0.0140682
0.882511 0.15487 0.444061 -0.82138
-0 -0 0 1
227 227 0
-0.499359 0.250679 0.829337 -0.45423
0.00802744 -0.955848 0.293752 0.0237225
0.866358 0.153345 0.475299 -0.81455
-0 -0 0 1
228 228 0
-0.52553 0.248688 0.813617 -0.559819
0.00325891 -0.955729 0.29423 0.0260127
0.850769 0.157278 0.501454 -0.830719
-0 -0 0 1
229 229 0
-0.554406 0.244761 0.795441 -0.671788
-0.0026909 -0.956298 0.292382 0.0204715
0.832242 0.159958 0.530836 -0.839825
-0 -0 0 1
230 230 0
-0.575035 0.224838 0.786628 -0.76982
-0.00426718 -0.962307 0.271932 0.0112924
0.818118 0.153014 0.55432 -0.845776
-0 -0 0 1
231 231 0
-0.522859 0.172219 0.834841 -0.840902
0.00845722 -0.978282 0.207106 -0.00237195
0.852377 0.115348 0.510047 -0.829552
-0 -0 0 1
232 232 0
-0.188936 0.173742 0.966497 -0.901323
0.0452055 -0.981641 0.185301 -0.00862734
0.980948 0.0787011 0.177614 -0.7602
-0 -0 0 1
233 233 0
0.146738 0.066734 0.986922 -0.944069
0.0478912 -0.997031 0.0602969 -0.0256795
0.988015 0.038417 -0.149498 -0.693536
-0 -0 0 1
234 234 0
0.45818 -0.0584283 0.886937 -0.939517
0.0285207 -0.996357 -0.0803699 -0.0328686
0.888402 0.0621199 -0.454844 -0.633775
-0 -0 0 1
235 235 0
0.800452 -0.0570615 0.596674 -0.941454
0.020822 -0.99221 -0.122821 -0.0385081
0.599035 0.110736 -0.793029 -0.554934
-0 -0 0 1
236 236 0
0.963964 -0.00186994 0.266028 -0.939454
0.0397566 -0.987734 -0.151002 -0.0285047
0.263047 0.156137 -0.952065 -0.460553
-0 -0 0 1
237 237 0
0.988402 0.0374591 0.147171 -0.947827
0.0585744 -0.98815 -0.141875 -0.025771
0.140112 0.14885 -0.978883 -0.345593
-0 -0 0 1
238 238 0
0.984679 0.0452741 0.1684 -0.964246
0.0682581 -0.988721 -0.133307 -0.031772
0.160465 0.14276 -0.976663 -0.252494
-0 -0 0 1
239 239 0
0.968679 0.0340476 0.245969 -0.9702
0.0682091 -0.988936 -0.131731 -0.037516
0.238763 0.144383 -0.960284 -0.205925
-0 -0 0 1
240 240 0
0.819712 -0.0111899 0.572667 -0.957424
0.0650533 -0.991521 -0.112491 -0.0203654
0.56907 0.129464 -0.812033 -0.176048
-0 -0 0 1
241 241 0
0.64134 -0.0504554 0.765596 -0.950757
0.0363459 -0.994717 -0.0960023 0.0275475
0.766396 0.0893964 -0.636118 -0.163841
-0 -0 0 1
242 242 0
0.489119 -0.0774368 0.868773 -0.939354
0.0148004 -0.995171 -0.0970357 0.0567123
0.872091 0.0603202 -0.485611 -0.155143
-0 -0 0 1
243 243 0
0.299731 -0.132596 0.944764 -0.932088
0.00514732 -0.990055 -0.140586 0.0544722
0.95401 0.0470009 -0.296068 -0.132047
-0 -0 0 1
244 244 0
-0.00957704 -0.158918 0.987245 -0.929801
-0.00584752 -0.987265 -0.158978 0.0508143
0.999937 -0.00729547 0.0085258 -0.108847
-0 -0 0 1
245 245 0
-0.331085 -0.16654 0.928788 -0.936658
-0.0183975 -0.982975 -0.182815 0.0481732
0.943421 -0.0776147 0.322385 -0.0881364
-0 -0 0 1
246 246 0
-0.586192 -0.14683 0.796756 -0.947297
-0.0261759 -0.979494 -0.199764 0.0443935
0.809749 -0.137956 0.570328 -0.0717732
-0 -0 0 1
247 247 0
-0.776068 -0.113012 0.620441 -0.962425
-0.0278828 -0.976702 -0.212781 0.040514
0.630033 -0.182432 0.754836 -0.0643199
-0 -0 0 1
248 248 0
-0.92142 -0.0389348 0.386612 -0.969372
-0.0263743 -0.986406 -0.162197 0.0412117
0.387671 -0.159648 0.907867 -0.071758
-0 -0 0 1
249 249 0
-0.950258 0.0401113 0.308871 -0.968662
-0.0354945 -0.999158 0.020554 0.0459144
0.309436 0.00856838 0.950882 -0.0964363
-0 -0 0 1
250 250 0
-0.953344 0.0439719 0.298666 -0.925367
-0.0157454 -0.995231 0.096266 0.0467205
0.301475 0.087072 0.94949 -0.0979964
-0 -0 0 1
251 251 0
-0.916346 0.0705013 0.39413 -0.872051
0.0120505 -0.979073 0.203152 0.0471403
0.400205 0.190907 0.896321 -0.115742
-0 -0 0 1
252 252 0
-0.784962 0.107296 0.610182 -0.830444
0.038469 -0.974548 0.220855 0.0488025
0.618348 0.196836 0.760856 -0.117022
-0 -0 0 1
253 253 0
-0.565266 0.156277 0.80997 -0.798442
0.0460639 -0.974379 0.220146 0.0507276
0.823622 0.161751 0.543584 -0.125283
-0 -0 0 1
254 254 0
-0.318915 0.204288 0.925505 -0.767889
0.0416132 -0.972535 0.229008 0.0467898
0.946869 0.111547 0.301655 -0.149538
-0 -0 0 1
255 255 0
-0.0689677 0.233471 0.969915 -0.729923
0.0362442 -0.971001 0.23631 0.0439581
0.99696 0.0514515 0.0585057 -0.158478
-0 -0 0 1
256 256 0
0.217273 0.249069 0.943799 -0.688079
0.0345826 -0.968255 0.247561 0.0394837
0.975498 -0.0211493 -0.218989 -0.179555
-0 -0 0 1
257 257 0
0.486442 0.249693 0.837274 -0.654581
0.0313278 -0.962663 0.268885 0.0331805
0.873151 -0.104567 -0.476102 -0.172177
-0 -0 0 1
258 258 0
0.70533 0.218961 0.674215 -0.65407
0.0283199 -0.959044 0.281837 0.0335626
0.708313 -0.179694 -0.682644 -0.188695
-0 -0 0 1
259 259 0
0.883668 0.163809 0.438517 -0.655381
0.0281979 -0.9537 0.299434 0.0383421
0.467264 -0.252235 -0.847374 -0.191104
-0 -0 0 1
260 260 0
0.902498 0.203744 0.379454 -0.65858
0.0198598 -0.89978 0.435892 0.0489466
0.430235 -0.385855 -0.816096 -0.178501
-0 -0 0 1
261 261 0
0.87738 0.302097 0.37275 -0.659807
0.0191775 -0.798351 0.601887 0.0477922
0.479414 -0.520935 -0.70625 -0.166031
-0 -0 0 1
262 262 0
0.783208 0.4837 0.390666 -0.661901
0.00618341 -0.634351 0.77302 0.0454513
0.621729 -0.60302 -0.49982 -0.156162
-0 -0 0 1
263 263 0
0.56492 0.692699 0.448367 -0.669919
-0.0194652 -0.532041 0.846495 0.048172
0.824916 -0.48693 -0.287077 -0.147852
-0 -0 0 1
264 264 0
0.313871 0.826278 0.467707 -0.665016
-0.0387583 -0.481039 0.875842 0.0543403
0.948674 -0.293028 -0.118959 -0.132453
-0 -0 0 1
265 265 0
-0.0206848 0.878364 0.477545 -0.667539
-0.0670034 -0.477792 0.875914 0.0543155
0.997538 -0.0138791 0.0687364 -0.150337
-0 -0 0 1
266 266 0
-0.185899 0.896183 0.402862 -0.660842
-0.060544 -0.419678 0.905652 0.0528938
0.980702 0.143969 0.132276 -0.122918
-0 -0 0 1
267 267 0
-0.208668 0.941038 0.266281 -0.654026
-0.0459454 -0.281407 0.958488 0.0533766
0.976907 0.187772 0.101957 -0.135656
-0 -0 0 1
268 268 0
-0.221898 0.958273 0.180205 -0.642818
-0.037982 -0.193167 0.98043 0.0548099
0.97433 0.210711 0.0792606 -0.145982
-0 -0 0 1
269 269 0
-0.222118 0.958335 0.179603 -0.624473
-0.0283718 -0.190479 0.981281 0.0583361
0.974607 0.212865 0.0694986 -0.130006
-0 -0 0 1
270 270 0
-0.220733 0.955761 0.194418 -0.567841
-0.0159879 -0.202854 0.979078 0.0572127
0.975203 0.213007 0.0600571 -0.146738
-0 -0 0 1
271 271 0
-0.220671 0.951565 0.214076 -0.516553
-0.0097298 -0.221623 0.975084 0.0572537
0.9753 0.21309 0.0581644 -0.134753
-0 -0 0 1
272 272 0
-0.222794 0.914465 0.337811 -0.490449
-0.0106015 -0.348773 0.937147 0.0591418
0.974808 0.205209 0.087399 -0.145568
-0 -0 0 1
273 273 0
-0.224414 0.847915 0.48029 -0.478252
-0.00757275 -0.494363 0.869222 0.056173
0.974465 0.191428 0.117363 -0.140412
-0 -0 0 1
274 274 0
-0.229022 0.767982 0.598124 -0.473883
-0.00580566 -0.615522 0.788098 0.050676
0.973404 0.17702 0.145427 -0.146172
-0 -0 0 1
275 275 0
-0.227006 0.693879 0.683374 -0.465262
-0.000306361 -0.701744 0.712429 0.0443839
0.973893 0.161517 0.159513 -0.146508
-0 -0 0 1
276 276 0
-0.2062 0.611002 0.764302 -0.4531
-0.0201884 -0.783578 0.620966 0.0385259
0.978302 0.112613 0.173909 -0.152213
-0 -0 0 1
277 277 0
-0.19551 0.519513 0.831795 -0.445296
-0.0335324 -0.851208 0.523756 0.0301356
0.980128 0.0745075 0.18384 -0.147947
-0 -0 0 1
278 278 0
-0.0913435 0.440635 0.893027 -0.438783
-0.0139276 -0.897254 0.441296 0.0191671
0.995722 0.0278718 0.0880952 -0.146681
-0 -0 0 1
279 279 0
-0.0578127 0.339082 0.938979 -0.430098
-0.0273029 -0.940737 0.338036 0.0064803
0.997954 -0.00609408 0.0636445 -0.151646
-0 -0 0 1
280 280 0
-0.0734005 0.205083 0.975988 -0.393415
-0.0291565 -0.978651 0.20345 0.00182422
0.996876 -0.0135231 0.077813 -0.145751
-0 -0 0 1
281 281 0
-0.0868908 0.175152 0.9807 -0.331091
-0.0205071 -0.984529 0.174019 0.0441692
0.996007 -0.00499066 0.0891384 -0.15705
-0 -0 0 1
282 282 0
-0.0973421 0.174195 0.979888 -0.243369
-0.00974063 -0.984683 0.17408 0.0598365
0.995203 0.0074006 0.0975479 -0.153916
-0 -0 0 1
283 283 0
-0.115156 0.18384 0.976187 -0.145505
-0.00190547 -0.982764 0.184854 0.0608747
0.993346 0.0194269 0.113521 -0.154685
-0 -0 0 1
284 284 0
-0.139049 0.196822 0.970529 -0.0683187
0.00299051 -0.979962 0.199164 0.0586003
0.990281 0.0305959 0.135674 -0.128384
-0 -0 0 1
285 285 0
-0.148627 0.209263 0.966498 0.0127705
0.00892099 -0.97703 0.212915 0.0284547
0.988853 0.0402671 0.143347 -0.115221
-0 -0 0 1
286 286 0
-0.0294555 0.205099 0.978298 0.0702405
0.0270057 -0.978202 0.205892 0.00467058
0.999201 0.0324843 0.0232746 -0.0992442
-0 -0 0 1
287 287 0
0.289192 0.185452 0.939136 0.138603
0.0484619 -0.982633 0.179118 -0.0102195
0.956044 -0.00628719 -0.293157 -0.118711
-0 -0 0 1
288 288 0
0.556729 0.152016 0.816667 0.21388
0.0352179 -0.986548 0.15963 -0.0228778
0.829948 -0.0601095 -0.554593 -0.124416
-0 -0 0 1
289 289 0
0.611954 0.127464 0.780554 0.281874
0.00842898 -0.987923 0.154719 -0.027428
0.790848 -0.0881016 -0.605638 -0.0979739
-0 -0 0 1
290 290 0
0.568693 0.121659 0.813503 0.321165
0.00131746 -0.989135 0.147003 -0.0249536
0.822549 -0.0825281 -0.562675 -0.155598
-0 -0 0 1
291 291 0
0.106165 0.131307 0.985641 0.336339
0.0115412 -0.991339 0.130823 -0.0295522
0.994282 -0.00251343 -0.106761 -0.244383
-0 -0 0 1
292 292 0
-0.469425 0.00433651 0.882962 0.373749
-0.0124802 -0.999921 -0.00172416 -0.0233837
0.882884 -0.0118289 0.469442 -0.299002
-0 -0 0 1
293 293 0
