0 0 0
0.739992 0.109264 0.663682 -0.337458
-0.110662 -0.953494 0.280362 -0.43969
0.66345 -0.28091 -0.693486 0.296395
-0 -0 0 1
1 1 0
0.84549 0.0894703 0.526442 -0.299251
-0.0739686 -0.956736 0.281397 -0.439214
0.528843 -0.276859 -0.802293 0.294068
-0 -0 0 1
2 2 0
0.930957 0.0668533 0.358955 -0.247096
-0.03792 -0.960077 0.277155 -0.446239
0.363154 -0.271631 -0.891255 0.330189
-0 -0 0 1
3 3 0
0.99045 0.05043 0.128316 -0.198152
0.0156421 -0.965796 0.258832 -0.442753
0.13698 -0.254353 -0.957361 0.347309
-0 -0 0 1
4 4 0
0.990635 0.0349368 -0.131995 -0.152304
0.0639742 -0.972797 0.222649 -0.446035
-0.120626 -0.229008 -0.965922 0.381114
-0 -0 0 1
5 5 0
0.918115 0.0310478 -0.395097 -0.0905385
0.107556 -0.979031 0.173 -0.445625
-0.381441 -0.201329 -0.902203 0.400642
-0 -0 0 1
6 6 0
0.778682 0.0365036 -0.626356 -0.0192835
0.140842 -0.982998 0.117806 -0.440677
-0.611406 -0.179951 -0.770584 0.407666
-0 -0 0 1
7 7 0
0.622923 0.0458793 -0.780936 0.055957
0.158848 -0.9849 0.0688447 -0.43426
-0.765986 -0.166935 -0.620805 0.400873
-0 -0 0 1
8 8 0
0.381139 0.0594421 -0.922605 0.132389
0.168667 -0.985654 0.00617404 -0.423198
-0.909002 -0.157966 -0.385697 0.37729
-0 -0 0 1
9 9 0
0.163719 0.0721526 -0.983865 0.207973
0.165277 -0.985231 -0.0447502 -0.409235
-0.972564 -0.155284 -0.173226 0.337648
-0 -0 0 1
10 10 0
-0.0596583 0.0838817 -0.994688 0.286882
0.150982 -0.984241 -0.0920561 -0.392291
-0.986735 -0.155672 0.0460535 0.276275
-0 -0 0 1
11 11 0
-0.221046 0.0919824 -0.970916 0.360357
0.136256 -0.982866 -0.124136 -0.375595
-0.965698 -0.159733 0.204725 0.208983
-0 -0 0 1
12 12 0
-0.321472 0.100605 -0.94156 0.415337
0.125101 -0.981112 -0.147543 -0.364509
-0.938619 -0.165221 0.302814 0.147189
-0 -0 0 1
13 13 0
-0.468331 0.112291 -0.876389 0.450188
0.10416 -0.977958 -0.180967 -0.347132
-0.877392 -0.176037 0.446311 0.0612096
-0 -0 0 1
14 14 0
-0.641189 0.122571 -0.757531 0.46833
0.0744389 -0.972571 -0.220372 -0.332823
-0.763764 -0.19769 0.614478 -0.0269141
-0 -0 0 1
15 15 0
-0.796874 0.125249 -0.59102 0.467235
0.0380726 -0.965918 -0.256031 -0.316602
-0.602945 -0.226526 0.764947 -0.1115
-0 -0 0 1
16 16 0
-0.870852 0.120034 -0.476665 0.443967
0.0147652 -0.9629 -0.269453 -0.30159
-0.491324 -0.241691 0.836771 -0.195081
-0 -0 0 1
17 17 0
-0.936486 0.112384 -0.332211 0.408782
-0.0142808 -0.958699 -0.284062 -0.289007
-0.350414 -0.261276 0.899413 -0.279875
-0 -0 0 1
18 18 0
-0.991338 0.0904098 -0.095258 0.367523
-0.0590318 -0.954672 -0.291747 -0.277848
-0.117317 -0.283597 0.95174 -0.358276
-0 -0 0 1
19 19 0
-0.992583 0.0646487 0.102957 0.310463
-0.0919797 -0.953122 -0.288268 -0.273022
0.0794948 -0.2956 0.951999 -0.421786
-0 -0 0 1
20 20 0
-0.957618 0.0389833 0.285392 0.244579
-0.122369 -0.952003 -0.280564 -0.267057
0.260757 -0.303596 0.916425 -0.46854
-0 -0 0 1
21 21 0
-0.940695 0.0287413 0.338033 0.161325
-0.128941 -0.951921 -0.277885 -0.267144
0.313794 -0.304991 0.899174 -0.502151
-0 -0 0 1
22 22 0
-0.928524 0.0250917 0.370425 0.0808125
-0.136478 -0.950927 -0.277688 -0.263344
0.345279 -0.308395 0.886383 -0.545955
-0 -0 0 1
23 23 0
-0.878738 0.00780005 0.47724 -0.014364
-0.154621 -0.950601 -0.269165 -0.266409
0.451566 -0.310317 0.836535 -0.573064
-0 -0 0 1
24 24 0
-0.754596 -0.0308487 0.655464 -0.101344
-0.178719 -0.95147 -0.250529 -0.27319
0.631383 -0.306192 0.712462 -0.588211
-0 -0 0 1
25 25 0
-0.548501 -0.0838208 0.831938 -0.175693
-0.197625 -0.953777 -0.226392 -0.286964
0.81246 -0.288587 0.506583 -0.565323
-0 -0 0 1
26 26 0
-0.262411 -0.132175 0.955861 -0.242675
-0.201328 -0.961275 -0.188194 -0.302234
0.94372 -0.241826 0.225639 -0.506771
-0 -0 0 1
27 27 0
0.0342757 -0.151662 0.987838 -0.304141
-0.186903 -0.971953 -0.142738 -0.320116
0.98178 -0.179738 -0.0616604 -0.429574
-0 -0 0 1
28 28 0
0.296634 -0.142284 0.944332 -0.351352
-0.159933 -0.982275 -0.0977631 -0.337743
0.941504 -0.12203 -0.314132 -0.348508
-0 -0 0 1
29 29 0
0.412837 -0.122884 0.902477 -0.413534
-0.137146 -0.987946 -0.0717844 -0.355868
0.90042 -0.0941362 -0.424714 -0.27877
-0 -0 0 1
30 30 0
0.53005 -0.118794 0.839604 -0.447172
-0.126792 -0.99011 -0.0600441 -0.37219
0.838433 -0.0746286 -0.53987 -0.188651
-0 -0 0 1
31 31 0
0.605562 -0.106432 0.788649 -0.472791
-0.112166 -0.992538 -0.0478208 -0.390587
0.787854 -0.0595012 -0.612981 -0.0991009
-0 -0 0 1
32 32 0
0.68782 -0.0994513 0.719037 -0.498491
-0.0990441 -0.994164 -0.0427605 -0.404911
0.719093 -0.0418048 -0.693655 -0.0248602
-0 -0 0 1
33 33 0
0.767655 -0.0819918 0.635597 -0.495315
-0.0769314 -0.9964 -0.0356198 -0.414816
0.636229 -0.0215536 -0.771199 0.048219
-0 -0 0 1
34 34 0
0.965718 -0.0106079 0.259377 -0.480577
-0.010125 -0.999944 -0.00319745 -0.418943
0.259396 0.000461638 -0.965771 0.126225
-0 -0 0 1
35 35 0
0.996411 0.0712067 -0.0457762 -0.422206
0.0754278 -0.992296 0.0982804 -0.396716
-0.0384254 -0.10138 -0.994105 0.200002
-0 -0 0 1
36 36 0
0.997947 0.0624768 0.0141069 -0.361163
0.0592124 -0.983891 0.168679 -0.421694
0.0244182 -0.167498 -0.98557 0.252385
-0 -0 0 1
37 37 0
0.999326 0.035721 0.00844932 -0.291355
0.0343411 -0.991115 0.128497 -0.447364
0.0129643 -0.128121 -0.991674 0.309533
-0 -0 0 1
38 38 0
0.988505 0.0393468 -0.145977 -0.233812
0.0453837 -0.998237 0.0382562 -0.458295
-0.144214 -0.0444414 -0.988548 0.366784
-0 -0 0 1
39 39 0
0.953223 0.0677132 -0.294586 -0.172472
0.0710555 -0.997472 0.000643745 -0.461987
-0.293798 -0.0215456 -0.955625 0.406484
-0 -0 0 1
40 40 0
0.962088 0.0738628 -0.262546 -0.119728
0.077198 -0.997013 0.0023962 -0.465612
-0.261585 -0.0225734 -0.964916 0.451213
-0 -0 0 1
41 41 0
0.997855 0.0209601 0.0620107 -0.0782023
0.0190249 -0.999318 0.031635 -0.463472
0.0626315 -0.0303874 -0.997574 0.49005
-0 -0 0 1
42 42 0
0.917543 0.0201402 0.397126 -0.0381544
-0.0850211 -0.965683 0.245413 -0.446725
0.38844 -0.258941 -0.884344 0.497201
-0 -0 0 1
43 43 0
0.881709 0.0975454 0.4616 0.0515997
-0.123637 -0.896428 0.425595 -0.432339
0.455306 -0.432322 -0.778328 0.470398
-0 -0 0 1
44 44 0
0.950386 0.0786798 0.300959 0.17338
-0.0705842 -0.887706 0.454968 -0.411153
0.30296 -0.453638 -0.83811 0.431253
-0 -0 0 1
45 45 0
0.99551 -0.0106625 -0.0940502 0.290208
0.0331869 -0.891238 0.45232 -0.384484
-0.088644 -0.45341 -0.886883 0.353303
-0 -0 0 1
46 46 0
0.886265 -0.116853 -0.448197 0.368057
0.088771 -0.906862 0.411972 -0.357732
-0.454593 -0.404903 -0.793347 0.24146
-0 -0 0 1
47 47 0
0.666335 -0.197843 -0.718927 0.417921
0.120983 -0.922697 0.366051 -0.331761
-0.735772 -0.330891 -0.59089 0.108167
-0 -0 0 1
48 48 0
0.338991 -0.262062 -0.903553 0.41702
0.126056 -0.939108 0.319667 -0.306188
-0.932306 -0.222262 -0.285314 -0.0335736
-0 -0 0 1
49 49 0
0.0592972 -0.278416 -0.958628 0.362658
0.0993499 -0.953904 0.283189 -0.283033
-0.993284 -0.112032 -0.0289033 -0.155534
-0 -0 0 1
50 50 0
-0.184625 -0.428827 -0.884319 0.278907
0.0822643 -0.903373 0.420892 -0.263485
-0.97936 0.00495933 0.202062 -0.261855
-0 -0 0 1
51 51 0
-0.600812 -0.3363 -0.725209 0.165028
0.00988446 -0.910258 0.413924 -0.264363
-0.79933 0.241522 0.550218 -0.305948
-0 -0 0 1
52 52 0
-0.888214 -0.120934 -0.443228 0.0273279
-0.0755547 -0.91315 0.40056 -0.277591
-0.453175 0.389271 0.801936 -0.30279
-0 -0 0 1
53 53 0
-0.986813 0.148679 -0.0639895 -0.0881182
-0.161773 -0.892592 0.420844 -0.291334
0.00545422 0.425646 0.904873 -0.263657
-0 -0 0 1
54 54 0
-0.866279 0.405226 0.292151 -0.183661
-0.23909 -0.849799 0.469764 -0.313668
0.43863 0.337096 0.833049 -0.181999
-0 -0 0 1
55 55 0
-0.510831 0.598682 0.616953 -0.218269
-0.268382 -0.792845 0.547146 -0.335261
0.816714 0.11392 0.565685 -0.0676904
-0 -0 0 1
56 56 0
-0.024854 0.670573 0.741427 -0.183151
-0.271773 -0.718256 0.640506 -0.353527
0.96204 -0.185581 0.200095 0.0611087
-0 -0 0 1
57 57 0
0.406396 0.599934 0.689145 -0.0996279
-0.230723 -0.662414 0.712724 -0.363606
0.884086 -0.44865 -0.130784 0.149297
-0 -0 0 1
58 58 0
0.792074 0.394491 0.465827 0.0252355
-0.138133 -0.627491 0.766273 -0.362892
0.594591 -0.671291 -0.442527 0.186098
-0 -0 0 1
59 59 0
0.994938 0.0557509 0.0836019 0.157338
-0.0309282 -0.621688 0.782654 -0.356278
0.0956079 -0.781278 -0.616817 0.203861
-0 -0 0 1
60 60 0
0.78758 -0.408077 -0.461726 0.28471
0.0819853 -0.673242 0.734863 -0.336665
-0.610734 -0.616618 -0.496776 0.135312
-0 -0 0 1
61 61 0
0.30847 -0.673861 -0.671385 0.390117
0.102726 -0.678078 0.727776 -0.313461
-0.945671 -0.293465 -0.139944 0.0602143
-0 -0 0 1
62 62 0
-0.120248 -0.72279 -0.680526 0.439193
0.0780863 -0.690262 0.719333 -0.284451
-0.989668 0.0333586 0.139443 -0.054413
-0 -0 0 1
63 63 0
-0.519131 -0.59286 -0.615647 0.467572
0.0128847 -0.725658 0.687934 -0.26416
-0.854598 0.349195 0.38435 -0.196179
-0 -0 0 1
64 64 0
-0.7151 -0.436855 -0.545701 0.454637
-0.0328308 -0.758812 0.650481 -0.251209
-0.69825 0.483075 0.528285 -0.320668
-0 -0 0 1
65 65 0
-0.845765 -0.239738 -0.476662 0.367747
-0.0761549 -0.829983 0.552566 -0.240082
-0.528092 0.503641 0.683713 -0.416966
-0 -0 0 1
66 66 0
-0.947832 -0.0779935 -0.309081 0.237535
-0.105412 -0.83837 0.534812 -0.232993
-0.300836 0.539492 0.786413 -0.468758
-0 -0 0 1
67 67 0
-0.989331 0.0756436 -0.124505 0.0909649
-0.132553 -0.821976 0.553883 -0.238275
-0.0604426 0.564477 0.823233 -0.470142
-0 -0 0 1
68 68 0
-0.911848 0.376362 0.163966 -0.0427917
-0.205024 -0.763519 0.612376 -0.2617
0.355667 0.524777 0.773376 -0.414924
-0 -0 0 1
69 69 0
-0.718077 0.589448 0.370022 -0.156621
-0.241575 -0.709716 0.661774 -0.281965
0.652692 0.385817 0.652027 -0.341121
-0 -0 0 1
70 70 0
-0.432925 0.747601 0.503655 -0.24253
-0.262312 -0.639031 0.723071 -0.305409
0.86242 0.180921 0.472757 -0.231352
-0 -0 0 1
71 71 0
-0.0540505 0.83304 0.550566 -0.249675
-0.250838 -0.545019 0.800022 -0.317786
0.966519 -0.0948613 0.238417 -0.113384
-0 -0 0 1
72 72 0
0.607454 0.706082 0.363934 -0.154689
-0.181592 -0.322584 0.928958 -0.316153
0.77332 -0.630387 -0.0677363 -0.0284811
-0 -0 0 1
73 73 0
0.936063 0.325964 0.132411 -0.0364579
-0.0914811 -0.137908 0.986211 -0.305806
0.33973 -0.935269 -0.0992714 0.0247729
-0 -0 0 1
74 74 0
0.992672 -0.120837 0.000506935 0.0919673
-0.011603 -0.0911404 0.99577 -0.29189
-0.12028 -0.98848 -0.0918746 0.0127866
-0 -0 0 1
75 75 0
0.727285 -0.667162 -0.161094 0.189389
0.0698324 -0.161566 0.984388 -0.272838
-0.682774 -0.72718 -0.0709147 -0.07423
-0 -0 0 1
76 76 0
0.0886886 -0.950888 -0.296558 0.20051
0.0902488 -0.288835 0.953116 -0.257666
-0.991962 -0.111295 0.0602 -0.181213
-0 -0 0 1
77 77 0
-0.661486 -0.686368 -0.302218 0.155483
0.00182583 -0.404453 0.914557 -0.251943
-0.749956 0.604414 0.268793 -0.262216
-0 -0 0 1
78 78 0
-0.937113 -0.253951 -0.239435 0.0802075
-0.0960597 -0.471857 0.876427 -0.258364
-0.335548 0.84431 0.417789 -0.28134
-0 -0 0 1
79 79 0
-0.983995 0.132122 -0.119576 0.00411026
-0.174666 -0.58217 0.794084 -0.269773
0.0353021 0.80226 0.595929 -0.279735
-0 -0 0 1
80 80 0
-0.968586 0.248669 0.00235659 -0.0463389
-0.189739 -0.745109 0.639384 -0.28033
0.160751 0.618851 0.768884 -0.334612
-0 -0 0 1
81 81 0
-0.955147 0.265711 0.130737 -0.0570159
-0.18665 -0.882925 0.43082 -0.280581
0.229904 0.387094 0.892918 -0.400256
-0 -0 0 1
82 82 0
-0.890402 0.255869 0.376451 -0.104654
-0.182975 -0.958486 0.218688 -0.299462
0.416779 0.125839 0.900255 -0.403594
-0 -0 0 1
83 83 0
-0.885253 0.0766434 0.458751 -0.151266
-0.167062 -0.972904 -0.159837 -0.321717
0.43407 -0.218136 0.874071 -0.425697
-0 -0 0 1
84 84 0
-0.751287 -0.178309 0.635432 -0.225817
-0.177994 -0.872391 -0.45525 -0.33378
0.63552 -0.455126 0.623678 -0.433042
-0 -0 0 1
85 85 0
-0.499935 -0.310345 0.808549 -0.33595
-0.169342 -0.880542 -0.442685 -0.344392
0.849346 -0.358235 0.387659 -0.405866
-0 -0 0 1
86 86 0
-0.196818 -0.352215 0.91499 -0.430472
-0.134991 -0.914621 -0.381111 -0.342533
0.971102 -0.198525 0.132468 -0.374029
-0 -0 0 1
87 87 0
-0.093483 -0.0586741 0.99389 -0.473311
-0.144633 -0.986872 -0.0718636 -0.337059
0.98506 -0.150467 0.0837696 -0.312744
-0 -0 0 1
88 88 0
-0.135097 0.214465 0.967344 -0.45499
-0.149364 -0.969545 0.194093 -0.337715
0.97951 -0.118265 0.163016 -0.239738
-0 -0 0 1
89 89 0
-0.188035 0.445534 0.875295 -0.381211
-0.160674 -0.89314 0.4201 -0.332178
0.968931 -0.0616438 0.239528 -0.155738
-0 -0 0 1
90 90 0
-0.22475 0.677488 0.700355 -0.285468
-0.171056 -0.735013 0.656121 -0.326494
0.959285 0.0276634 0.281083 -0.0899297
-0 -0 0 1
91 91 0
-0.139802 0.799514 0.584151 -0.20436
-0.179009 -0.600631 0.779229 -0.339385
0.973864 0.00436944 0.22709 0.0336499
-0 -0 0 1
92 92 0
0.285063 0.828789 0.481505 -0.111676
-0.167553 -0.451527 0.876384 -0.341303
0.943751 -0.330503 0.0101527 0.117182
-0 -0 0 1
93 93 0
0.760026 0.604542 0.238516 0.00600182
-0.09306 -0.26199 0.960573 -0.330513
0.643196 -0.752257 -0.142861 0.138062
-0 -0 0 1
94 94 0
0.998649 -0.0426268 -0.0297177 0.0944855
0.0247496 -0.112679 0.993323 -0.321835
-0.0456907 -0.992717 -0.111472 0.122308
-0 -0 0 1
95 95 0
0.491968 -0.832283 -0.255486 0.190989
0.115776 -0.228306 0.966681 -0.319804
-0.862881 -0.505155 -0.0159612 0.106632
-0 -0 0 1
96 96 0
0.113917 -0.922047 -0.369937 0.282987
0.115585 -0.357532 0.926721 -0.329333
-0.986744 -0.148328 0.0658456 0.100215
-0 -0 0 1
97 97 0
0.051398 -0.743407 -0.666862 0.342965
0.116744 -0.658694 0.743299 -0.337357
-0.991831 -0.116056 0.0529325 0.0771546
-0 -0 0 1
98 98 0
-0.00297985 -0.52787 -0.84932 0.415753
0.123413 -0.843025 0.523525 -0.332075
-0.992351 -0.103257 0.0676584 0.0392229
-0 -0 0 1
99 99 0
-0.209461 -0.182268 -0.960679 0.456458
0.12128 -0.97973 0.159439 -0.334566
-0.970267 -0.0831146 0.227321 -0.0178348
-0 -0 0 1
100 100 0
-0.558662 -0.0396275 -0.828448 0.487593
0.101468 -0.99462 -0.0208486 -0.324807
-0.823165 -0.0957082 0.559678 -0.0720689
-0 -0 0 1
101 101 0
-0.876866 0.0111853 -0.480605 0.496773
0.0385992 -0.994863 -0.0935785 -0.310543
-0.479183 -0.100607 0.87193 -0.14225
-0 -0 0 1
102 102 0
-0.87104 -0.08958 -0.482974 0.474228
0.0376709 -0.992517 0.116149 -0.283284
-0.489765 0.0829761 0.867897 -0.190195
-0 -0 0 1
103 103 0
-0.611849 -0.474039 -0.633188 0.471156
0.121398 -0.847311 0.517037 -0.268814
-0.781603 0.239481 0.575974 -0.197672
-0 -0 0 1
104 104 0
-0.310754 -0.650657 -0.692877 0.468331
0.150301 -0.753434 0.640115 -0.265592
-0.938532 0.0947782 0.331926 -0.209149
-0 -0 0 1
105 105 0
0.0721444 -0.70151 -0.708998 0.460566
0.156418 -0.694097 0.702683 -0.268205
-0.985053 -0.161595 0.0596539 -0.22417
-0 -0 0 1
106 106 0
0.344553 -0.572121 -0.744286 0.416132
0.143875 -0.751285 0.644105 -0.275528
-0.927676 -0.329012 -0.176543 -0.276622
-0 -0 0 1
107 107 0
0.355344 -0.283161 -0.890814 0.383879
0.152054 -0.922808 0.353985 -0.279783
-0.922285 -0.261238 -0.284859 -0.352238
-0 -0 0 1
108 108 0
-0.114633 -0.0599309 -0.991599 0.326348
0.161853 -0.985968 0.0408798 -0.277174
-0.980134 -0.155807 0.122724 -0.418234
-0 -0 0 1
109 109 0
-0.744168 0.0221359 -0.667626 0.260456
0.067919 -0.991764 -0.108589 -0.269291
-0.664531 -0.126153 0.736535 -0.485349
-0 -0 0 1
110 110 0
-0.957825 0.0904322 -0.27275 0.162432
-0.0391172 -0.981387 -0.188016 -0.280243
-0.284676 -0.169418 0.943534 -0.531338
-0 -0 0 1
111 111 0
-0.993484 0.110604 -0.0275022 0.0686951
-0.0863208 -0.887779 -0.452104 -0.28871
-0.0744205 -0.446784 0.891541 -0.531422
-0 -0 0 1
112 112 0
-0.962926 -0.00471982 0.269726 -0.0591092
-0.11719 -0.893258 -0.434001 -0.296779
0.242983 -0.44952 0.859588 -0.503721
-0 -0 0 1
113 113 0
-0.833734 -0.0842295 0.545705 -0.177578
-0.157022 -0.911326 -0.380563 -0.316045
0.52937 -0.402976 0.746578 -0.437021
-0 -0 0 1
114 114 0
-0.656226 -0.111353 0.746303 -0.28252
-0.175992 -0.939186 -0.294883 -0.324966
0.733753 -0.324853 0.596722 -0.351232
-0 -0 0 1
115 115 0
-0.528129 0.219917 0.820193 -0.37709
-0.157951 -0.974467 0.159576 -0.327727
0.834345 -0.0452736 0.549381 -0.272381
-0 -0 0 1
116 116 0
-0.345071 0.492459 0.799006 -0.423
-0.181686 -0.870241 0.457898 -0.325418
0.920824 0.0128388 0.389768 -0.16524
-0 -0 0 1
117 117 0
0.0181019 0.682227 0.730916 -0.441013
-0.173389 -0.717818 0.674295 -0.33397
0.984687 -0.138939 0.105297 -0.0529133
-0 -0 0 1
118 118 0
0.209155 0.760368 0.614894 -0.436321
-0.170006 -0.590952 0.788589 -0.318737
0.962991 -0.269473 0.00566648 0.068644
-0 -0 0 1
119 119 0
0.412074 0.689033 0.596178 -0.359422
-0.159991 -0.589429 0.791818 -0.32863
0.896994 -0.421671 -0.132649 0.168838
-0 -0 0 1
120 120 0
0.576134 0.612002 0.541777 -0.275677
-0.133252 -0.583646 0.801 -0.337267
0.80642 -0.533676 -0.254708 0.244558
-0 -0 0 1
121 121 0
0.835752 0.441144 0.326971 -0.173827
-0.0636313 -0.513642 0.855642 -0.350133
0.545408 -0.73591 -0.401207 0.295416
-0 -0 0 1
122 122 0
0.997949 -0.00499138 -0.0638122 -0.0396858
0.0576521 -0.362994 0.930006 -0.352729
-0.0278055 -0.931778 -0.361962 0.304355
-0 -0 0 1
123 123 0
0.954647 -0.242594 -0.172621 0.103555
0.0912214 -0.313577 0.945171 -0.341825
-0.283422 -0.918051 -0.277226 0.28863
-0 -0 0 1
124 124 0
0.831108 -0.487654 -0.267306 0.21764
0.117875 -0.315271 0.941653 -0.320816
-0.543475 -0.814124 -0.204542 0.215523
-0 -0 0 1
125 125 0
0.615507 -0.702333 -0.357603 0.293028
0.144821 -0.34522 0.927281 -0.303386
-0.774711 -0.622537 -0.110773 0.109842
-0 -0 0 1
126 126 0
0.363496 -0.815748 -0.449918 0.339472
0.151758 -0.424653 0.892547 -0.31303
-0.919152 -0.392716 -0.0305634 -0.00294626
-0 -0 0 1
127 127 0
0.165899 -0.607439 -0.77685 0.374388
0.13999 -0.765282 0.628289 -0.329018
-0.976156 -0.212984 -0.0419241 -0.0385874
-0 -0 0 1
128 128 0
-0.120774 -0.216175 -0.968856 0.454118
0.133792 -0.97064 0.199895 -0.326748
-0.983622 -0.105483 0.146151 -0.0580652
-0 -0 0 1
129 129 0
-0.240654 0.00219555 -0.970608 0.517034
0.133162 -0.990467 -0.0352569 -0.325333
-0.961433 -0.137733 0.238068 -0.0801685
-0 -0 0 1
130 130 0
-0.262261 0.0155596 -0.964872 0.525496
0.142854 -0.988227 -0.0547652 -0.320837
-0.954365 -0.152198 0.256951 -0.0824867
-0 -0 0 1
131 131 0
-0.975233 0.0826124 -0.205175 0.259852
-0.0590145 -0.991188 -0.118589 0.344561
-0.213164 -0.103544 0.971514 -0.462079
-0 -0 0 1
132 132 0
-0.952154 0.0770723 -0.295741 0.295444
-0.0422555 -0.991585 -0.122371 0.341285
-0.302683 -0.104019 0.947398 -0.420527
-0 -0 0 1
133 133 0
-0.869501 0.0660039 -0.489501 0.35114
-0.00772345 -0.992727 -0.120139 0.335149
-0.493871 -0.100681 0.863687 -0.358976
-0 -0 0 1
134 134 0
-0.729198 0.0520224 -0.682323 0.415749
0.0309241 -0.993582 -0.108802 0.325443
-0.683604 -0.100439 0.722909 -0.283979
-0 -0 0 1
135 135 0
-0.50294 0.0379036 -0.86349 0.481457
0.0714266 -0.993798 -0.085226 0.313827
-0.861365 -0.10454 0.497113 -0.201714
-0 -0 0 1
136 136 0
-0.224506 0.0281748 -0.974065 0.525161
0.104125 -0.993166 -0.0527264 0.299818
-0.968894 -0.113262 0.220038 -0.101906
-0 -0 0 1
137 137 0
0.0761525 0.0182835 -0.996929 0.552054
0.125153 -0.9921 -0.00863494 0.282293
-0.989211 -0.124111 -0.0778391 0.0093246
-0 -0 0 1
138 138 0
0.237943 0.0231756 -0.971003 0.537307
0.137739 -0.990417 0.0101139 0.254202
-0.961463 -0.136152 -0.238855 0.142189
-0 -0 0 1
139 139 0
0.455818 0.0207226 -0.889832 0.510945
0.140503 -0.98887 0.0489438 0.230093
-0.878913 -0.147333 -0.453656 0.264316
-0 -0 0 1
140 140 0
0.695593 0.0166582 -0.718242 0.455866
0.125138 -0.987258 0.0982948 0.208314
-0.707453 -0.158253 -0.688815 0.368771
-0 -0 0 1
141 141 0
0.840476 0.0228203 -0.541367 0.373486
0.107073 -0.986406 0.124651 0.200431
-0.531164 -0.162732 -0.831495 0.456174
-0 -0 0 1
142 142 0
0.903762 0.0299949 -0.426983 0.281811
0.0988536 -0.985201 0.140027 0.192719
-0.416464 -0.16876 -0.893352 0.516116
-0 -0 0 1
143 143 0
0.984366 0.0281991 -0.173862 0.170947
0.0601353 -0.981594 0.181265 0.208623
-0.16555 -0.188887 -0.967944 0.551433
-0 -0 0 1
144 144 0
0.98756 0.0308193 0.15419 0.0517313
-0.00271766 -0.977112 0.212709 0.199743
0.157217 -0.210482 -0.964873 0.557929
-0 -0 0 1
145 145 0
0.91061 0.0425499 0.41107 -0.0856813
-0.0548816 -0.973425 0.222334 0.187587
0.409606 -0.22502 -0.884075 0.554052
-0 -0 0 1
146 146 0
0.787749 0.051118 0.613872 -0.199576
-0.099465 -0.972918 0.208654 0.184748
0.607913 -0.225426 -0.761331 0.508718
-0 -0 0 1
147 147 0
0.633354 0.0594127 0.771578 -0.318823
-0.135987 -0.972989 0.186547 0.185182
0.761821 -0.223075 -0.608167 0.442058
-0 -0 0 1
148 148 0
0.424935 0.0626056 0.903056 -0.40733
-0.17272 -0.97367 0.148775 0.197812
0.888593 -0.219196 -0.402933 0.335942
-0 -0 0 1
149 149 0
0.201789 0.0692838 0.976975 -0.475159
-0.199294 -0.973722 0.110216 0.214027
0.958939 -0.216945 -0.182679 0.216098
-0 -0 0 1
150 150 0
-0.0770764 0.0772744 0.994026 -0.512037
-0.221214 -0.973468 0.0585233 0.234354
0.972175 -0.215382 0.0921256 0.0835403
-0 -0 0 1
151 151 0
-0.334562 0.0774049 0.939189 -0.485175
-0.226723 -0.973959 -0.00049386 0.262556
0.914694 -0.213101 0.343399 -0.0646978
-0 -0 0 1
152 152 0
-0.576716 0.0870401 0.812295 -0.44335
-0.220856 -0.973895 -0.0524483 0.290204
0.786525 -0.209648 0.580884 -0.197219
-0 -0 0 1
153 153 0
-0.720799 0.0933196 0.686834 -0.347816
-0.205968 -0.974974 -0.083684 0.318724
0.661836 -0.201785 0.721981 -0.317744
-0 -0 0 1
154 154 0
-0.87877 0.0997635 0.466703 -0.221618
-0.176129 -0.976669 -0.122865 0.352126
0.443557 -0.19017 0.875838 -0.410082
-0 -0 0 1
155 155 0
-0.961087 0.102826 0.256395 -0.0993342
-0.14514 -0.977671 -0.151964 0.371196
0.235045 -0.183264 0.954551 -0.470643
-0 -0 0 1
156 156 0
-0.994349 0.104187 -0.0203686 0.0223396
-0.0988924 -0.978841 -0.179138 0.371018
-0.0386015 -0.176112 0.983613 -0.46665
-0 -0 0 1
157 157 0
-0.941552 0.133248 -0.309394 0.111726
-0.036582 -0.953457 -0.299302 0.361964
-0.334875 -0.27049 0.902604 -0.399346
-0 -0 0 1
158 158 0
-0.829174 0.21706 -0.515126 0.206866
0.0306552 -0.902486 -0.429627 0.361798
-0.558149 -0.372027 0.741664 -0.327055
-0 -0 0 1
159 159 0
-0.63267 0.273466 -0.724531 0.303765
0.10369 -0.89724 -0.429196 0.357564
-0.767448 -0.346667 0.539301 -0.249901
-0 -0 0 1
160 160 0
-0.27663 0.332069 -0.901779 0.367731
0.170367 -0.906588 -0.386101 0.345466
-0.945754 -0.26044 0.194216 -0.191338
-0 -0 0 1
161 161 0
0.198763 0.382821 -0.902187 0.409758
0.203238 -0.916643 -0.344179 0.330456
-0.958743 -0.114949 -0.259998 -0.095797
-0 -0 0 1
162 162 0
0.527392 0.363327 -0.768018 0.440694
0.177748 -0.931131 -0.318434 0.319619
-0.830821 0.0314263 -0.555652 0.028442
-0 -0 0 1
163 163 0
0.695337 0.329408 -0.638746 0.4233
0.16741 -0.938563 -0.301785 0.294097
-0.698913 0.10291 -0.707764 0.177505
-0 -0 0 1
164 164 0
0.827446 0.284882 -0.483916 0.378246
0.165068 -0.947081 -0.275299 0.267542
-0.536736 0.147916 -0.830684 0.311672
-0 -0 0 1
165 165 0
0.93758 0.208881 -0.278052 0.28062
0.141189 -0.959297 -0.24457 0.248493
-0.31782 0.190046 -0.928909 0.411859
-0 -0 0 1
166 166 0
0.996003 0.0891516 0.0053882 0.160336
0.0882864 -0.973622 -0.210396 0.231885
-0.0135111 0.210031 -0.977601 0.482802
-0 -0 0 1
167 167 0
0.952154 -0.0379201 0.303256 0.0148103
0.0242639 -0.979761 -0.198695 0.213999
0.304653 0.196547 -0.931963 0.490206
-0 -0 0 1
168 168 0
0.738294 -0.181393 0.649629 -0.102262
-0.0650009 -0.97781 -0.199157 0.208376
0.67134 0.10481 -0.733702 0.47755
-0 -0 0 1
169 169 0
0.387846 -0.276563 0.879255 -0.220608
-0.157537 -0.959777 -0.232399 0.20787
0.908162 -0.0483802 -0.415815 0.425482
-0 -0 0 1
170 170 0
0.131465 -0.317495 0.939103 -0.325498
-0.204154 -0.935689 -0.287761 0.221934
0.970071 -0.153891 -0.187829 0.330826
-0 -0 0 1
171 171 0
-0.0424012 -0.340969 0.939118 -0.38044
-0.213537 -0.915151 -0.341908 0.24378
0.976014 -0.215034 -0.0340061 0.211106
-0 -0 0 1
172 172 0
-0.226182 -0.359712 0.905234 -0.432188
-0.187832 -0.89577 -0.402883 0.252013
0.955804 -0.261157 0.135042 0.0894054
-0 -0 0 1
173 173 0
-0.541953 -0.301163 0.784594 -0.475229
-0.162435 -0.878445 -0.449388 0.259849
0.824562 -0.370993 0.427156 -0.0577279
-0 -0 0 1
174 174 0
-0.739829 -0.210702 0.638951 -0.523289
-0.161748 -0.86614 -0.472906 0.259489
0.653063 -0.453218 0.606714 -0.18462
-0 -0 0 1
175 175 0
-0.923714 -0.0798115 0.374676 -0.55837
-0.128498 -0.856839 -0.499315 0.247781
0.360888 -0.509369 0.781219 -0.267187
-0 -0 0 1
176 176 0
-0.966205 -0.00364952 0.257749 -0.571737
-0.14144 -0.828433 -0.541935 0.225117
0.215505 -0.560077 0.79992 -0.314398
-0 -0 0 1
177 177 0
-0.738767 -0.214031 0.639073 -0.615747
-0.193992 -0.840573 -0.50577 0.229694
0.645438 -0.497621 0.579468 -0.33323
-0 -0 0 1
178 178 0
-0.130571 -0.207982 0.969378 -0.660704
-0.253995 -0.938101 -0.235484 0.232932
0.958352 -0.276965 0.0696622 -0.290565
-0 -0 0 1
179 179 0
0.249378 -0.184955 0.95058 -0.648724
-0.232681 -0.964281 -0.126578 0.240013
0.940037 -0.189616 -0.283506 -0.287679
-0 -0 0 1
180 180 0
0.227013 0.0764844 0.970884 -0.525138
-0.228313 -0.96495 0.129401 0.267152
0.946751 -0.251041 -0.201594 -0.306313
-0 -0 0 1
181 181 0
0.11222 0.287801 0.951093 -0.386114
-0.245133 -0.919539 0.307176 0.289064
0.962973 -0.267615 -0.0326417 -0.328695
-0 -0 0 1
182 182 0
-0.225828 0.383291 0.895594 -0.267953
-0.295187 -0.903045 0.312047 0.307164
0.928368 -0.193899 0.317076 -0.377894
-0 -0 0 1
183 183 0
-0.691903 0.375424 0.616706 -0.169488
-0.307556 -0.926059 0.218688 0.321829
0.653207 -0.0383608 0.756207 -0.432425
-0 -0 0 1
184 184 0
-0.962738 0.239151 0.126265 -0.0997437
-0.224109 -0.966839 0.12246 0.336931
0.151364 0.0895997 0.984409 -0.465324
-0 -0 0 1
185 185 0
-0.950941 0.0926618 -0.295168 -0.00719414
-0.119399 -0.990096 0.0738457 0.359993
-0.285402 0.105466 0.952587 -0.451565
-0 -0 0 1
186 186 0
-0.880902 -0.033911 -0.472083 0.0544932
0.0206115 -0.999232 0.0333166 0.366196
-0.47285 0.0196183 0.880924 -0.466117
-0 -0 0 1
187 187 0
-0.781931 -0.0715916 -0.61924 0.153347
0.0696799 -0.997196 0.0273012 0.362324
-0.619458 -0.021801 0.784727 -0.414705
-0 -0 0 1
188 188 0
-0.539503 -0.106693 -0.835197 0.273724
0.140142 -0.989481 0.0358763 0.3602
-0.830239 -0.0976911 0.54878 -0.36513
-0 -0 0 1
189 189 0
-0.399533 -0.117761 -0.909124 0.374332
0.175517 -0.983195 0.0502216 0.35105
-0.89976 -0.139501 0.413488 -0.268343
-0 -0 0 1
190 190 0
-0.270336 -0.125257 -0.954583 0.428481
0.194165 -0.978221 0.0733713 0.328636
-0.942984 -0.165512 0.288769 -0.141151
-0 -0 0 1
191 191 0
0.128508 -0.102703 -0.986376 0.455145
0.201511 -0.971169 0.127373 0.306566
-0.97102 -0.215134 -0.104107 -0.0133987
-0 -0 0 1
192 192 0
0.440682 -0.0365627 -0.896918 0.455615
0.218628 -0.964711 0.146744 0.27902
-0.870632 -0.260759 -0.417138 0.11398
-0 -0 0 1
193 193 0
0.674095 0.0284594 -0.738096 0.405466
0.220053 -0.961621 0.163894 0.253796
-0.705105 -0.2729 -0.654486 0.237877
-0 -0 0 1
194 194 0
0.797155 0.0622601 -0.600556 0.340502
0.21406 -0.959201 0.184694 0.227295
-0.564555 -0.275785 -0.777959 0.348173
-0 -0 0 1
195 195 0
0.979474 0.102133 -0.17378 0.291129
0.138767 -0.966963 0.213835 0.203851
-0.146199 -0.23356 -0.961288 0.404026
-0 -0 0 1
196 196 0
0.872045 0.0811879 0.482644 0.215999
0.0187974 -0.990974 0.132733 0.177853
0.489064 -0.106677 -0.8657 0.492348
-0 -0 0 1
197 197 0
0.458469 -0.0261786 0.888325 0.0899048
-0.0701083 -0.997516 0.00678673 0.187038
0.885941 -0.0653904 -0.459165 0.54552
-0 -0 0 1
198 198 0
-0.00138061 -0.0693882 0.997589 -0.0516741
-0.124442 -0.989823 -0.0690203 0.184139
0.992226 -0.124238 -0.00726828 0.541623
-0 -0 0 1
199 199 0
-0.298232 -0.0889234 0.950342 -0.16236
-0.13032 -0.982534 -0.132832 0.188981
0.945555 -0.163463 0.281434 0.476038
-0 -0 0 1
200 200 0
-0.580007 -0.105899 0.807699 -0.260264
-0.110096 -0.972226 -0.20653 0.189341
0.807137 -0.208713 0.552239 0.390319
-0 -0 0 1
201 201 0
-0.80534 -0.117522 0.581047 -0.349276
-0.070762 -0.954088 -0.291049 0.196748
0.588575 -0.27551 0.760049 0.299721
-0 -0 0 1
202 202 0
-0.972753 -0.0657461 0.222327 -0.41921
-0.0180451 -0.93457 -0.355322 0.212537
0.231141 -0.349652 0.907919 0.178073
-0 -0 0 1
203 203 0
-0.998311 -0.00935778 -0.057333 -0.447518
0.0319074 -0.913067 -0.406559 0.235034
-0.0485444 -0.407702 0.911824 0.0445954
-0 -0 0 1
204 204 0
-0.943453 0.060091 -0.326016 -0.421412
0.0944899 -0.893895 -0.438205 0.259402
-0.317756 -0.444231 0.837669 -0.096942
-0 -0 0 1
205 205 0
-0.808157 0.159142 -0.567059 -0.36194
0.155201 -0.87123 -0.465693 0.285042
-0.56815 -0.464361 0.679392 -0.227595
-0 -0 0 1
206 206 0
-0.733989 0.209727 -0.645968 -0.2764
0.178722 -0.857958 -0.481629 0.328212
-0.655224 -0.468959 0.592249 -0.306245
-0 -0 0 1
207 207 0
-0.599591 0.243349 -0.762412 -0.173488
0.234767 -0.857257 -0.458253 0.347503
-0.765098 -0.453753 0.456873 -0.37618
-0 -0 0 1
208 208 0
-0.375721 0.303125 -0.875756 -0.0603018
0.273185 -0.866775 -0.417219 0.362369
-0.885553 -0.396001 0.242856 -0.436669
-0 -0 0 1
209 209 0
-0.0386356 0.364157 -0.930536 0.0599531
0.306595 -0.881994 -0.357891 0.3695
-0.951056 -0.299125 -0.0775726 -0.414931
-0 -0 0 1
210 210 0
0.156582 0.391932 -0.906571 0.157816
0.288497 -0.896012 -0.337538 0.365558
-0.944591 -0.208691 -0.253371 -0.393006
-0 -0 0 1
211 211 0
0.284964 0.403739 -0.869362 0.260958
0.30088 -0.898802 -0.318787 0.358004
-0.910092 -0.170731 -0.377603 -0.337168
-0 -0 0 1
212 212 0
0.561597 0.397234 -0.72582 0.345977
0.305742 -0.914761 -0.264074 0.346323
-0.768851 -0.0736105 -0.635177 -0.265262
-0 -0 0 1
213 213 0
0.737059 0.366586 -0.567766 0.421554
0.279842 -0.930246 -0.237343 0.333329
-0.615169 0.0160512 -0.788232 -0.165865
-0 -0 0 1
214 214 0
0.847051 0.329447 -0.417097 0.483642
0.254577 -0.940338 -0.225733 0.303839
-0.466579 0.0850244 -0.880383 -0.0744233
-0 -0 0 1
215 215 0
0.846551 0.328064 -0.419196 0.547862
0.237009 -0.93744 -0.255014 0.320528
-0.476632 0.11653 -0.871345 -0.0794752
-0 -0 0 1
216 216 0
0.209743 0.320628 -0.923691 0.61292
0.276581 -0.925576 -0.258479 0.32654
-0.937823 -0.201261 -0.282813 -0.11637
-0 -0 0 1
217 217 0
-0.348662 -0.0385231 -0.936457 0.639622
0.202129 -0.978734 -0.0349944 0.326902
-0.915193 -0.201486 0.349033 -0.140449
-0 -0 0 1
218 218 0
-0.762654 -0.106432 -0.63799 0.648394
0.0916258 -0.994199 0.056327 0.32256
-0.640284 -0.0154983 0.767982 -0.128786
-0 -0 0 1
219 219 0
-0.866498 -0.112309 -0.486382 0.612938
0.0629185 -0.991163 0.116777 0.317035
-0.495199 0.0705842 0.865907 -0.0697192
-0 -0 0 1
220 220 0
-0.833029 -0.191625 -0.518982 0.5814
0.0831308 -0.970802 0.225016 0.294023
-0.546948 0.144302 0.824636 0.0614265
-0 -0 0 1
221 221 0
-0.604764 -0.294693 -0.739876 0.551123
0.137106 -0.953675 0.267781 0.266462
-0.784514 0.0605028 0.617152 0.200207
-0 -0 0 1
222 222 0
-0.207167 -0.364561 -0.907842 0.485045
0.188814 -0.925426 0.328535 0.242354
-0.959912 -0.103351 0.260551 0.328229
-0 -0 0 1
223 223 0
0.279405 -0.347926 -0.894919 0.382647
0.211507 -0.886843 0.410821 0.216794
-0.936588 -0.304067 -0.1742 0.424378
-0 -0 0 1
224 224 0
0.717284 -0.213687 -0.663206 0.259621
0.198394 -0.849783 0.488374 0.194419
-0.66794 -0.481879 -0.567141 0.503709
-0 -0 0 1
225 225 0
0.938712 -0.0402127 -0.342349 0.116776
0.161923 -0.825332 0.540933 0.170674
-0.304304 -0.563214 -0.768237 0.560216
-0 -0 0 1
226 226 0
0.986988 0.148235 0.0622922 -0.0352276
0.0860789 -0.814335 0.573976 0.15935
0.13581 -0.561146 -0.816499 0.556523
-0 -0 0 1
227 227 0
0.894765 0.288012 0.341241 -0.203863
0.0377523 -0.810247 0.584871 0.150815
0.444939 -0.510439 -0.735854 0.527967
-0 -0 0 1
228 228 0
0.640494 0.397582 0.657036 -0.33242
-0.0594272 -0.827331 0.558562 0.155148
0.76566 -0.396801 -0.506274 0.444052
-0 -0 0 1
229 229 0
0.257449 0.466543 0.846202 -0.422985
-0.122028 -0.853012 0.507424 0.168119
0.958556 -0.233896 -0.162676 0.320249
-0 -0 0 1
230 230 0
-0.169717 0.459547 0.871787 -0.497093
-0.150429 -0.886334 0.43793 0.19137
0.973944 -0.0568179 0.219555 0.174899
-0 -0 0 1
231 231 0
-0.486612 0.399017 0.777171 -0.513105
-0.13987 -0.913708 0.381541 0.219128
0.862349 0.0769593 0.500432 0.0197749
-0 -0 0 1
232 232 0
-0.700719 0.317145 0.639071 -0.5012
-0.122415 -0.935926 0.330238 0.245124
0.702856 0.153173 0.694645 -0.12782
-0 -0 0 1
233 233 0
-0.832663 0.237509 0.500263 -0.433016
-0.100571 -0.953192 0.28515 0.274646
0.544572 0.187122 0.817574 -0.25986
-0 -0 0 1
234 234 0
-0.877818 0.234165 0.417855 -0.322263
-0.0821512 -0.933033 0.350287 0.302179
0.471898 0.273161 0.838269 -0.33195
-0 -0 0 1
235 235 0
-0.972143 0.150454 0.179726 -0.250184
-0.0578534 -0.897088 0.438047 0.326843
0.227136 0.415447 0.880803 -0.438803
-0 -0 0 1
236 236 0
-0.995528 -0.0318049 -0.0889483 -0.0951845
-0.0158034 -0.87227 0.488769 0.350782
-0.0931322 0.487989 0.867867 -0.508395
-0 -0 0 1
237 237 0
-0.986199 -0.0818917 -0.143895 0.0741471
-0.00792353 -0.844771 0.535069 0.368849
-0.165376 0.528825 0.832463 -0.531257
-0 -0 0 1
238 238 0
-0.950967 -0.192001 -0.242482 0.231554
0.0200206 -0.820557 0.571214 0.37391
-0.308644 0.538351 0.784167 -0.496966
-0 -0 0 1
239 239 0
-0.742205 -0.443817 -0.502154 0.357681
0.0937901 -0.810704 0.577895 0.36385
-0.663578 0.38182 0.643334 -0.388085
-0 -0 0 1
240 240 0
-0.598752 -0.54351 -0.588297 0.452779
0.135104 -0.792525 0.594685 0.359798
-0.789458 0.276588 0.547956 -0.246586
-0 -0 0 1
241 241 0
-0.372121 -0.630705 -0.680983 0.507891
0.176181 -0.76833 0.615329 0.332439
-0.91131 0.109001 0.39703 -0.101479
-0 -0 0 1
242 242 0
-0.114486 -0.668904 -0.734479 0.559632
0.213779 -0.738608 0.639341 0.303392
-0.97015 -0.0838202 0.227558 0.0638668
-0 -0 0 1
243 243 0
0.117267 -0.649145 -0.751571 0.537028
0.236646 -0.716727 0.655973 0.270915
-0.964493 -0.254781 0.0695687 0.225797
-0 -0 0 1
244 244 0
0.422894 -0.572876 -0.702121 0.446013
0.23129 -0.680914 0.694882 0.239216
-0.876165 -0.456255 -0.155454 0.367112
-0 -0 0 1
245 245 0
0.646036 -0.455573 -0.612447 0.310654
0.236288 -0.643588 0.727985 0.208676
-0.725814 -0.615018 -0.308135 0.484825
-0 -0 0 1
246 246 0
0.830063 -0.303037 -0.468149 0.157657
0.207252 -0.611719 0.763444 0.185149
-0.517728 -0.730731 -0.44496 0.546486
-0 -0 0 1
247 247 0
0.899231 -0.227834 -0.373464 -0.00240575
0.187382 -0.570816 0.79941 0.172955
-0.395312 -0.788835 -0.470603 0.572264
-0 -0 0 1
248 248 0
0.962853 -0.0776543 -0.25862 -0.145522
0.161105 -0.603412 0.780986 0.154442
-0.216701 -0.79364 -0.568486 0.524981
-0 -0 0 1
249 249 0
0.98619 0.0535067 -0.156734 -0.242811
0.14316 -0.751235 0.644322 0.15249
-0.0832689 -0.657862 -0.748521 0.459798
-0 -0 0 1
250 250 0
0.926428 0.272761 0.259485 -0.303068
0.0628832 -0.791687 0.607683 0.166417
0.371183 -0.546657 -0.750593 0.37057
-0 -0 0 1
251 251 0
0.482178 0.443102 0.755755 -0.325966
-0.0628529 -0.842942 0.53432 0.178317
0.873816 -0.305139 -0.378597 0.291895
-0 -0 0 1
252 252 0
-0.115263 0.413113 0.903356 -0.345816
-0.125616 -0.908178 0.399291 0.169375
0.98536 -0.067453 0.156573 0.276285
-0 -0 0 1
253 253 0
-0.684546 0.18397 0.705374 -0.335674
-0.0997125 -0.982167 0.159393 0.182281
0.722118 0.0387769 0.690682 0.270107
-0 -0 0 1
254 254 0
-0.84588 -0.0342303 0.532274 -0.321892
-0.0819249 -0.977758 -0.193072 0.172897
0.527045 -0.206923 0.824261 0.273245
-0 -0 0 1
255 255 0
-0.809324 -0.180704 0.558875 -0.314839
-0.0481503 -0.927884 -0.369746 0.169266
0.585386 -0.326154 0.742258 0.260773
-0 -0 0 1
256 256 0
-0.641384 -0.275399 0.716088 -0.3084
-0.046825 -0.917563 -0.394824 0.168573
0.76579 -0.286764 0.575615 0.245317
-0 -0 0 1
257 257 0
-0.349833 -0.345256 0.87087 -0.307181
-0.0430319 -0.922707 -0.383093 0.168794
0.935823 -0.171494 0.307937 0.227785
-0 -0 0 1
258 258 0
-0.0477503 -0.343442 0.937959 -0.311872
-0.0382669 -0.937712 -0.3453 0.16824
0.998126 -0.052381 0.0316335 0.217505
-0 -0 0 1
259 259 0
0.189269 -0.307776 0.932444 -0.337993
-0.0230345 -0.950738 -0.309139 0.176485
0.981655 0.0370319 -0.187034 0.164668
-0 -0 0 1
260 260 0
0.335714 -0.270178 0.902386 -0.364599
-0.0073444 -0.958705 -0.284308 0.194507
0.941935 0.0888187 -0.323835 0.0627321
-0 -0 0 1
261 261 0
0.491803 -0.229166 0.840007 -0.391275
0.000525576 -0.964664 -0.263482 0.214408
0.870706 0.130023 -0.474305 -0.0575721
-0 -0 0 1
262 262 0
0.557666 -0.180172 0.810276 -0.377018
0.0158298 -0.973673 -0.2274 0.243167
0.829915 0.13964 -0.540132 -0.158669
-0 -0 0 1
263 263 0
0.443344 0.112017 0.889325 -0.327991
-0.010232 -0.991463 0.129983 0.27414
0.896293 -0.0667267 -0.438413 -0.228411
-0 -0 0 1
264 264 0
0.134278 0.448858 0.883457 -0.2673
-0.0818569 -0.88346 0.461301 0.299329
0.987557 -0.13426 -0.0818871 -0.265976
-0 -0 0 1
265 265 0
-0.180582 0.643203 0.744097 -0.224244
-0.118987 -0.765264 0.632624 0.323982
0.976336 0.0257025 0.214725 -0.302015
-0 -0 0 1
266 266 0
-0.657701 0.604607 0.44931 -0.217832
-0.143448 -0.686084 0.71324 0.337199
0.739495 0.404646 0.537968 -0.322868
-0 -0 0 1
267 267 0
-0.917453 0.382811 0.108336 -0.222295
-0.124384 -0.534652 0.835868 0.343654
0.377901 0.753394 0.538133 -0.335156
-0 -0 0 1
268 268 0
-0.975636 -0.171809 -0.136443 -0.191602
-0.0254965 -0.528898 0.848302 0.35172
-0.217911 0.831113 0.511631 -0.371787
-0 -0 0 1
269 269 0
-0.717893 -0.610258 -0.334985 -0.113374
0.0942269 -0.561946 0.82179 0.351138
-0.689747 0.558393 0.46092 -0.4055
-0 -0 0 1
270 270 0
-0.555491 -0.674143 -0.486785 -0.00885725
0.15441 -0.658862 0.736246 0.355055
-0.81706 0.333814 0.470087 -0.410194
-0 -0 0 1
271 271 0
-0.410746 -0.716725 -0.563553 0.105802
0.199926 -0.67386 0.711297 0.357408
-0.88956 0.179494 0.420077 -0.386226
-0 -0 0 1
272 272 0
-0.0250066 -0.748232 -0.662966 0.208806
0.239343 -0.648367 0.722727 0.355651
-0.970613 -0.140604 0.195298 -0.332586
-0 -0 0 1
273 273 0
0.211652 -0.690645 -0.69153 0.317449
0.253664 -0.644494 0.721306 0.348329
-0.943853 -0.328082 0.0387834 -0.26008
-0 -0 0 1
274 274 0
0.512295 -0.551279 -0.658518 0.379971
0.249759 -0.638002 0.728405 0.329844
-0.82169 -0.537629 -0.189158 -0.150831
-0 -0 0 1
275 275 0
0.73584 -0.329535 -0.591562 0.397918
0.235095 -0.694937 0.679553 0.298943
-0.635035 -0.639116 -0.433891 -0.0364983
-0 -0 0 1
276 276 0
0.818093 -0.113568 -0.563761 0.410577
0.225024 -0.83893 0.495541 0.265595
-0.529234 -0.532258 -0.660767 0.0645165
-0 -0 0 1
277 277 0
0.897234 0.0966803 -0.430841 0.39173
0.213677 -0.948945 0.232045 0.240204
-0.38641 -0.300259 -0.872084 0.157526
-0 -0 0 1
278 278 0
0.960707 0.191486 -0.200937 0.342496
0.199629 -0.979649 0.0208831 0.218617
-0.192849 -0.0601755 -0.979382 0.228682
-0 -0 0 1
279 279 0
0.982405 0.183411 -0.035223 0.290576
0.182307 -0.982709 -0.0323575 0.20065
-0.0405487 0.0253668 -0.998856 0.319069
-0 -0 0 1
280 280 0
0.983347 0.1792 -0.0302726 0.238872
0.177622 -0.982898 -0.0485984 0.19079
-0.0384637 0.042412 -0.99836 0.404449
-0 -0 0 1
281 281 0
0.942837 0.234414 -0.236871 0.141584
0.215731 -0.971078 -0.102316 0.172843
-0.254004 0.0453669 -0.966139 0.420531
-0 -0 0 1
282 282 0
0.85176 0.30032 -0.429317 0.0496202
0.261625 -0.953738 -0.148108 0.161556
-0.453935 0.0138324 -0.890927 0.451288
-0 -0 0 1
283 283 0
0.800372 0.0736758 -0.594959 -0.0374547
0.289037 -0.916883 0.275288 0.176772
-0.525225 -0.392298 -0.755143 0.44527
-0 -0 0 1
284 284 0
0.948056 0.00600036 -0.318048 -0.0582524
0.232167 -0.696541 0.678917 0.198425
-0.21746 -0.717492 -0.661753 0.439542
-0 -0 0 1
285 285 0
0.982202 0.0386196 -0.183817 -0.0519705
0.184142 -0.390949 0.901804 0.203497
-0.0370357 -0.919602 -0.391103 0.452578
-0 -0 0 1
286 286 0
0.986874 0.0527126 -0.15265 -0.040312
0.159154 -0.157085 0.974677 0.203291
0.0273988 -0.986177 -0.163412 0.462657
-0 -0 0 1
287 287 0
0.821337 0.56945 0.0336479 -0.0732676
0.0229684 -0.0919506 0.995499 0.200661
0.569981 -0.816867 -0.0886018 0.474022
-0 -0 0 1
288 288 0
0.37341 0.908988 0.185216 -0.192498
-0.0996872 -0.159183 0.982203 0.187395
0.922295 -0.385228 0.0311738 0.44603
-0 -0 0 1
289 289 0
-0.0511043 0.894913 0.443304 -0.286224
-0.151634 -0.445691 0.882251 0.180078
0.987115 -0.0221332 0.158476 0.387946
-0 -0 0 1
290 290 0
-0.188974 0.761581 0.619905 -0.401239
-0.147184 -0.646116 0.748913 0.178837
0.970889 0.0502852 0.234192 0.328323
-0 -0 0 1
291 291 0
-0.203976 0.616743 0.760277 -0.506491
-0.133487 -0.786873 0.602505 0.177491
0.969832 0.0214094 0.242831 0.273889
-0 -0 0 1
292 292 0
-0.00889157 0.513376 0.858118 -0.609539
-0.111134 -0.853343 0.509368 0.167714
0.993766 -0.0908373 0.0646413 0.249109
-0 -0 0 1
293 293 0
0.117819 0.436559 0.891927 -0.700763
-0.110664 -0.886816 0.448676 0.151567
0.98685 -0.151567 -0.056172 0.257481
-0 -0 0 1
294 294 0
0.139124 0.342745 0.92907 -0.731586
-0.0824334 -0.930929 0.355775 0.140673
0.986838 -0.126083 -0.101261 0.284426
-0 -0 0 1
295 295 0
0.410809 0.278349 0.868192 -0.738634
-0.127793 -0.925275 0.35712 0.132782
0.902721 -0.257657 -0.344541 0.317551
-0 -0 0 1
296 296 0
0.483382 0.260552 0.835736 -0.728091
-0.105803 -0.930293 0.351227 0.121619
0.868992 -0.2582 -0.42212 0.367328
-0 -0 0 1
297 297 0
0.442145 0.262301 0.857733 -0.681303
-0.101445 -0.935524 0.338384 0.130967
