0 0 0
0.999987 -0.000692693 0.00514542 0.618037
-0.00165479 -0.981896 0.189414 -0.013625
0.00492106 -0.18942 -0.981884 2.81724
-0 -0 0 1
1 1 0
0.999927 0.00149464 0.0120283 0.616731
-0.000829002 -0.981611 0.190892 -0.0139143
0.0120924 -0.190888 -0.981537 2.81609
-0 -0 0 1
2 2 0
0.99899 0.0110566 0.0435456 0.602723
0.00266581 -0.982125 0.188213 -0.0142619
0.0448482 -0.187907 -0.981162 2.79462
-0 -0 0 1
3 3 0
0.998179 0.0162893 0.0580813 0.578572
0.00451267 -0.980316 0.197382 -0.0139832
0.0601532 -0.19676 -0.978605 2.76099
-0 -0 0 1
4 4 0
0.997541 0.0183239 0.0676532 0.549886
0.00459974 -0.980256 0.197679 -0.0151988
0.0699397 -0.196882 -0.977929 2.72539
-0 -0 0 1
5 5 0
0.996976 0.0189581 0.0753584 0.521262
0.00370732 -0.980283 0.197565 -0.0155915
0.077618 -0.196688 -0.977389 2.69573
-0 -0 0 1
6 6 0
0.99482 0.0234851 0.0989049 0.495516
0.00353892 -0.980359 0.197191 -0.016177
0.101593 -0.19582 -0.975363 2.67161
-0 -0 0 1
7 7 0
0.991023 0.0297096 0.130346 0.471612
0.00337153 -0.980238 0.197791 -0.0168952
0.133647 -0.195576 -0.971539 2.6431
-0 -0 0 1
8 8 0
0.980439 0.0422683 0.192232 0.437433
0.00343085 -0.98019 0.198028 -0.0170573
0.196794 -0.193494 -0.961162 2.61705
-0 -0 0 1
9 9 0
0.978206 0.0449446 0.202714 0.400975
0.00388101 -0.980079 0.19857 -0.0171885
0.2076 -0.193456 -0.958894 2.5929
-0 -0 0 1
10 10 0
0.978109 0.0455298 0.20305 0.360469
0.00429527 -0.97998 0.199049 -0.014823
0.208048 -0.19382 -0.958723 2.57562
-0 -0 0 1
11 11 0
0.979791 0.0430879 0.195327 0.315702
0.00326631 -0.979839 0.199762 -0.0146989
0.199996 -0.195087 -0.960178 2.56604
-0 -0 0 1
12 12 0
0.9814 0.0412415 0.187494 0.272308
0.00304317 -0.979872 0.199605 -0.014058
0.191952 -0.195322 -0.961771 2.55626
-0 -0 0 1
13 13 0
0.98113 0.042072 0.188715 0.229843
0.00364374 -0.979889 0.199512 -0.012839
0.193313 -0.19506 -0.961552 2.54937
-0 -0 0 1
14 14 0
0.980524 0.0421024 0.191836 0.188379
0.00325745 -0.980105 0.198455 -0.0126391
0.196375 -0.193965 -0.961153 2.54058
-0 -0 0 1
15 15 0
0.979986 0.0411721 0.194762 0.149905
0.00174028 -0.980112 0.198436 -0.0170054
0.199059 -0.194125 -0.960568 2.53817
-0 -0 0 1
16 16 0
0.981708 0.0367206 0.186816 0.117515
-0.0010549 -0.98016 0.198204 -0.0180788
0.190388 -0.194775 -0.962193 2.53539
-0 -0 0 1
17 17 0
0.982138 0.0313504 0.18553 0.0898654
-0.00473846 -0.981588 0.19095 -0.01854
0.1881 -0.188419 -0.963907 2.53661
-0 -0 0 1
18 18 0
0.980353 0.0307501 0.194841 0.0640438
-0.00561223 -0.983026 0.183381 -0.0186187
0.197173 -0.180871 -0.96354 2.53719
-0 -0 0 1
19 19 0
0.97534 0.0343093 0.218022 0.0321225
-0.00562167 -0.983661 0.179944 -0.0162899
0.220634 -0.176732 -0.959211 2.53438
-0 -0 0 1
20 20 0
0.952379 0.0523099 0.300395 -0.0148452
-0.00285531 -0.983601 0.180334 -0.0132207
0.304902 -0.172604 -0.936612 2.53474
-0 -0 0 1
21 21 0
0.940391 0.0589427 0.334949 -0.0610909
-0.00234838 -0.983718 0.179703 -0.0124695
0.340087 -0.169778 -0.924941 2.52768
-0 -0 0 1
22 22 0
0.89433 0.0770776 0.440718 -0.0959634
-0.00294407 -0.984014 0.178069 -0.0120183
0.447398 -0.16055 -0.879806 2.52283
-0 -0 0 1
23 23 0
0.879594 0.0806849 0.468833 -0.126656
-0.00392804 -0.984247 0.176756 -0.0108944
0.475708 -0.157315 -0.865421 2.50209
-0 -0 0 1
24 24 0
0.907857 0.071073 0.413212 -0.168589
-0.00369798 -0.984132 0.177397 -0.0103837
0.419263 -0.162579 -0.893189 2.48375
-0 -0 0 1
25 25 0
0.950971 0.0510326 0.305041 -0.211162
-0.00461221 -0.983843 0.178973 -0.0120847
0.309246 -0.171605 -0.935371 2.46617
-0 -0 0 1
26 26 0
0.986669 0.0239534 0.160967 -0.255809
-0.0054745 -0.983663 0.179935 -0.0126261
0.162647 -0.178417 -0.970419 2.4471
-0 -0 0 1
27 27 0
0.999436 -0.000595327 0.0335644 -0.296184
-0.00664567 -0.983563 0.180441 -0.0120784
0.0329053 -0.180562 -0.983013 2.42361
-0 -0 0 1
28 28 0
0.999928 -0.00892793 -0.00798489 -0.331986
-0.00734557 -0.983648 0.179953 -0.0131423
-0.00946093 -0.179881 -0.983643 2.39808
-0 -0 0 1
29 29 0
0.996695 0.00788805 0.0808469 -0.365594
-0.00657502 -0.984174 0.177082 -0.0134506
0.0809643 -0.177028 -0.98087 2.37265
-0 -0 0 1
30 30 0
0.963791 0.0411188 0.26347 -0.402287
-0.00541639 -0.984817 0.17351 -0.0143657
0.266604 -0.168655 -0.948935 2.34646
-0 -0 0 1
31 31 0
0.898274 0.0723029 0.433446 -0.432978
-0.00309654 -0.985305 0.170775 -0.0140549
0.439424 -0.154745 -0.88485 2.31529
-0 -0 0 1
32 32 0
0.833459 0.0916419 0.54493 -0.461684
-0.00294069 -0.985403 0.170215 -0.0150532
0.552574 -0.14347 -0.821023 2.28358
-0 -0 0 1
33 33 0
0.777668 0.105491 0.619762 -0.495554
-0.00263636 -0.985265 0.171013 -0.0128433
0.62867 -0.134625 -0.765931 2.25574
-0 -0 0 1
34 34 0
0.77193 0.109349 0.626233 -0.533216
-0.00387837 -0.984267 0.176648 -0.0129207
0.635696 -0.138788 -0.75936 2.22581
-0 -0 0 1
35 35 0
0.787673 0.105826 0.606936 -0.57224
-0.00540598 -0.983912 0.178572 -0.0119163
0.616069 -0.143937 -0.774429 2.19697
-0 -0 0 1
36 36 0
0.871052 0.0847688 0.483821 -0.611587
-0.00829514 -0.982317 0.187043 -0.0128313
0.491121 -0.166937 -0.854946 2.17301
-0 -0 0 1
37 37 0
0.933524 0.0608945 0.353305 -0.650804
-0.0103842 -0.980463 0.196428 -0.0131029
0.358363 -0.187039 -0.914654 2.14786
-0 -0 0 1
38 38 0
0.974203 0.0394295 0.222201 -0.693326
-0.0123327 -0.973845 0.226879 -0.0105821
0.225335 -0.223767 -0.948237 2.12852
-0 -0 0 1
39 39 0
0.986467 0.0287572 0.161418 -0.727859
-0.0117606 -0.969552 0.244602 -0.0130094
0.163537 -0.24319 -0.956093 2.10805
-0 -0 0 1
40 40 0
0.969431 0.0484243 0.240537 -0.761359
-0.0117098 -0.970084 0.242489 -0.0123417
0.245083 -0.237893 -0.939862 2.08767
-0 -0 0 1
41 41 0
0.909976 0.0896386 0.404857 -0.795926
-0.0105086 -0.971056 0.238619 -0.0113664
0.414528 -0.221392 -0.882696 2.06446
-0 -0 0 1
42 42 0
0.829063 0.125479 0.544894 -0.832269
-0.00800293 -0.971732 0.235949 -0.0112993
0.559098 -0.199977 -0.804623 2.03752
-0 -0 0 1
43 43 0
0.746079 0.151692 0.648348 -0.862347
-0.00616913 -0.972088 0.234535 -0.0113368
0.665828 -0.178982 -0.724319 2.0123
-0 -0 0 1
44 44 0
0.649894 0.173993 0.73984 -0.895994
-0.0051485 -0.972412 0.233212 -0.0134484
0.760007 -0.155372 -0.631069 1.98533
-0 -0 0 1
45 45 0
0.644239 0.173217 0.744951 -0.932918
-0.00622185 -0.972797 0.231577 -0.0142098
0.764799 -0.153826 -0.625636 1.9574
-0 -0 0 1
46 46 0
0.684867 0.16155 0.710534 -0.974532
-0.00775968 -0.973441 0.228805 -0.0150052
0.728627 -0.162214 -0.665424 1.93634
-0 -0 0 1
47 47 0
0.712245 0.141102 0.687603 -1.01637
-0.00720822 -0.978065 0.208174 -0.0154061
0.701894 -0.153227 -0.695605 1.91483
-0 -0 0 1
48 48 0
0.777987 0.120004 0.616713 -1.05489
-0.008885 -0.97939 0.201785 -0.0147048
0.628217 -0.162466 -0.760886 1.88702
-0 -0 0 1
49 49 0
0.829057 0.103135 0.54957 -1.09295
-0.0109921 -0.979647 0.200428 -0.0123055
0.559056 -0.172207 -0.811049 1.85608
-0 -0 0 1
50 50 0
0.867023 0.0896581 0.490136 -1.13297
-0.0124719 -0.979464 0.201231 -0.0104903
0.498113 -0.180584 -0.8481 1.82297
-0 -0 0 1
51 51 0
0.877905 0.0871073 0.470845 -1.1788
-0.0121837 -0.978932 0.203822 -0.00869447
0.47868 -0.184673 -0.858348 1.80027
-0 -0 0 1
52 52 0
0.876793 0.087231 0.47289 -1.22819
-0.01266 -0.97888 0.204041 -0.00747297
0.480701 -0.184888 -0.857171 1.78334
-0 -0 0 1
53 53 0
0.872192 0.0848885 0.481741 -1.27448
-0.013901 -0.980128 0.197878 -0.00678202
0.488966 -0.179284 -0.85368 1.76205
-0 -0 0 1
54 54 0
0.862018 0.069594 0.502077 -1.31764
-0.0139896 -0.986886 0.160813 -0.00562626
0.506684 -0.145648 -0.84974 1.7385
-0 -0 0 1
55 55 0
0.84386 0.0747106 0.531337 -1.35932
-0.0119706 -0.987391 0.157847 -0.00412173
0.53643 -0.139561 -0.832325 1.71268
-0 -0 0 1
56 56 0
0.743587 0.0976055 0.661477 -1.39745
-0.00727028 -0.988049 0.153966 -0.00149454
0.668599 -0.119297 -0.733991 1.68595
-0 -0 0 1
57 57 0
0.630243 0.127984 0.765777 -1.43576
-0.0055162 -0.985557 0.169255 0.00182282
0.776379 -0.110896 -0.620434 1.65802
-0 -0 0 1
58 58 0
0.614212 0.183215 0.767578 -1.47311
-0.00596269 -0.97157 0.236677 0.00344125
0.789119 -0.149947 -0.595657 1.62994
-0 -0 0 1
59 59 0
0.60268 0.185945 0.776016 -1.51005
-0.0072487 -0.971156 0.238333 0.00300511
0.79795 -0.149264 -0.583949 1.60095
-0 -0 0 1
60 60 0
0.59593 0.186965 0.780969 -1.54754
-0.00840832 -0.971013 0.238878 0.00268608
0.802993 -0.148921 -0.577083 1.57132
-0 -0 0 1
61 61 0
0.603311 0.185001 0.775751 -1.585
-0.0110518 -0.970689 0.240084 0.00192098
0.797429 -0.153419 -0.583583 1.54127
-0 -0 0 1
62 62 0
0.630732 0.179525 0.754949 -1.62515
-0.0133896 -0.970209 0.241899 4.74311e-05
0.775885 -0.162682 -0.609538 1.50889
-0 -0 0 1
63 63 0
0.694162 0.164432 0.700786 -1.66543
-0.0163991 -0.969694 0.243773 -0.000467811
0.719632 -0.18071 -0.670428 1.47972
-0 -0 0 1
64 64 0
0.758341 0.144696 0.635595 -1.70881
-0.0186412 -0.96984 0.243029 -0.00338905
0.651591 -0.196147 -0.732772 1.45754
-0 -0 0 1
65 65 0
0.750364 0.129146 0.648286 -1.74734
-0.0189705 -0.976118 0.216411 -0.00385163
0.660753 -0.174686 -0.729994 1.44861
-0 -0 0 1
66 66 0
0.664652 0.132131 0.735376 -1.79147
-0.0189434 -0.980942 0.193376 -0.00328837
0.746913 -0.142458 -0.649482 1.43927
-0 -0 0 1
67 67 0
0.601327 0.135724 0.787391 -1.83331
-0.0193119 -0.98271 0.18414 -0.00726211
0.79877 -0.125935 -0.588309 1.43853
-0 -0 0 1
68 68 0
0.502086 0.144013 0.852743 -1.87466
-0.0197788 -0.983867 0.177803 -0.00841319
0.864591 -0.106139 -0.491138 1.44081
-0 -0 0 1
69 69 0
0.340147 0.136854 0.930361 -1.91443
-0.0175688 -0.988256 0.151794 -0.00811612
0.940208 -0.0679774 -0.333748 1.43066
-0 -0 0 1
70 70 0
0.279329 0.141823 0.949664 -1.95129
-0.0144398 -0.9883 0.15184 -0.00468504
0.960087 -0.0561263 -0.274013 1.4058
-0 -0 0 1
71 71 0
0.325133 0.139876 0.935266 -1.99135
-0.0153789 -0.988088 0.153122 -0.00335323
0.945543 -0.0641685 -0.319109 1.37909
-0 -0 0 1
72 72 0
0.342121 0.138322 0.929419 -2.02193
-0.0154715 -0.988143 0.152756 -0.00294773
0.939529 -0.0666407 -0.335924 1.34177
-0 -0 0 1
73 73 0
0.378573 0.136429 0.915461 -2.05349
-0.015609 -0.987995 0.153693 -0.00170343
0.92544 -0.0724735 -0.371899 1.304
-0 -0 0 1
74 74 0
0.389551 0.133967 0.91121 -2.07053
-0.0146719 -0.988336 0.151579 -0.00227728
0.920888 -0.0724168 -0.383041 1.25984
-0 -0 0 1
75 75 0
0.424291 0.13038 0.89609 -2.07897
-0.0151801 -0.988417 0.151001 -0.0034444
0.905398 -0.077671 -0.417398 1.20764
-0 -0 0 1
76 76 0
0.523087 0.128596 0.842522 -2.09967
-0.0168174 -0.986801 0.161059 -0.00214176
0.852113 -0.098417 -0.51402 1.16013
-0 -0 0 1
77 77 0
0.652715 0.124185 0.747356 -2.12257
-0.0178937 -0.983672 0.17908 -0.00176637
0.757392 -0.130261 -0.639835 1.11993
-0 -0 0 1
78 78 0
0.659336 0.125475 0.741305 -2.15253
-0.0175407 -0.98314 0.182009 -0.0023464
0.751644 -0.133008 -0.646018 1.08726
-0 -0 0 1
79 79 0
0.620459 0.133104 0.772861 -2.19115
-0.0168376 -0.983004 0.182812 -0.0024724
0.784058 -0.12644 -0.607672 1.06558
-0 -0 0 1
80 80 0
0.494295 0.150132 0.856232 -2.23277
-0.0163431 -0.983194 0.181829 -0.00370151
0.869141 -0.103871 -0.483534 1.05114
-0 -0 0 1
81 81 0
0.393689 0.160039 0.905205 -2.27605
-0.0153906 -0.983443 0.180565 -0.00524044
0.919115 -0.085018 -0.384708 1.03264
-0 -0 0 1
82 82 0
0.31929 0.166707 0.932879 -2.32069
-0.0159498 -0.983321 0.18118 -0.00631119
0.947523 -0.0727282 -0.311305 1.0202
-0 -0 0 1
83 83 0
0.269677 0.169348 0.947943 -2.36445
-0.0175064 -0.98339 0.180661 -0.0068278
0.962792 -0.0653151 -0.262232 1.01564
-0 -0 0 1
84 84 0
0.143513 0.173568 0.974309 -2.40732
-0.0168302 -0.98393 0.177761 -0.00476452
0.989505 -0.0419089 -0.138286 1.01148
-0 -0 0 1
85 85 0
0.0795684 0.162743 0.983455 -2.44661
-0.0158319 -0.986252 0.164487 -0.000665888
0.996704 -0.028658 -0.075898 0.994155
-0 -0 0 1
86 86 0
0.0983147 0.164372 0.981487 -2.48604
-0.0161621 -0.985871 0.166725 0.00485745
0.995024 -0.0322545 -0.094269 0.974646
-0 -0 0 1
87 87 0
0.188111 0.163158 0.968501 -2.51272
-0.0172532 -0.985404 0.169356 0.00488316
0.981996 -0.0485675 -0.182551 0.936447
-0 -0 0 1
88 88 0
0.207976 0.16238 0.964561 -2.52525
-0.017476 -0.98535 0.169648 0.00284308
0.977978 -0.0521394 -0.202092 0.893126
-0 -0 0 1
89 89 0
0.228298 0.16118 0.960157 -2.53608
-0.0180917 -0.985328 0.169707 0.00130141
0.973423 -0.0561147 -0.222032 0.849193
-0 -0 0 1
90 90 0
0.307415 0.155705 0.93875 -2.54038
-0.018921 -0.985327 0.169626 -0.00174885
0.951387 -0.0699076 -0.299958 0.804269
-0 -0 0 1
91 91 0
0.38713 0.130792 0.912701 -2.54056
-0.0185943 -0.988579 0.149553 -0.00310999
0.921837 -0.0748674 -0.380277 0.757346
-0 -0 0 1
92 92 0
0.457931 0.115379 0.881469 -2.54667
-0.0184126 -0.990098 0.139163 -0.00231637
0.888797 -0.0799573 -0.451272 0.714006
-0 -0 0 1
93 93 0
0.460174 0.115731 0.880254 -2.56413
-0.0178468 -0.990061 0.139498 0.000717912
0.88765 -0.0799031 -0.453535 0.675085
-0 -0 0 1
94 94 0
0.391089 0.121781 0.91226 -2.59446
-0.0158668 -0.990168 0.138984 0.00162406
0.920216 -0.0688296 -0.385311 0.636721
-0 -0 0 1
95 95 0
0.324889 0.126188 0.937296 -2.62462
-0.0157005 -0.990203 0.138753 0.00169386
0.945622 -0.0597953 -0.319725 0.594992
-0 -0 0 1
96 96 0
0.313048 0.128277 0.941035 -2.65538
-0.0167487 -0.989937 0.140515 3.51993e-05
0.94959 -0.0597489 -0.307749 0.555083
-0 -0 0 1
97 97 0
0.253074 0.130659 0.958583 -2.68404
-0.0173747 -0.990064 0.139537 -1.75899e-05
0.967291 -0.0519682 -0.24829 0.517511
-0 -0 0 1
98 98 0
0.0957265 0.133255 0.986448 -2.7048
-0.0177296 -0.990614 0.135538 -0.0005677
0.99525 -0.0304639 -0.0924654 0.475312
-0 -0 0 1
99 99 0
0.0120616 0.132435 0.991118 -2.71545
-0.0171926 -0.991016 0.132631 -0.00126492
0.999779 -0.0186396 -0.0096763 0.429147
-0 -0 0 1
100 100 0
-0.105321 0.130744 0.985806 -2.7182
-0.0160047 -0.991414 0.129778 -0.000843979
0.994309 -0.00210919 0.106509 0.382487
-0 -0 0 1
101 101 0
-0.11929 0.130945 0.984187 -2.71096
-0.0157824 -0.99139 0.129991 0.00248626
0.992734 -2.63258e-05 0.120329 0.332163
-0 -0 0 1
102 102 0
-0.0794689 0.130429 0.988268 -2.69965
-0.0160787 -0.991442 0.129555 0.00114233
0.996708 -0.0055945 0.0808859 0.283286
-0 -0 0 1
103 103 0
-0.046773 0.130001 0.99041 -2.69438
-0.0173024 -0.991452 0.129321 0.000236744
0.998756 -0.0110878 0.0486226 0.236675
-0 -0 0 1
104 104 0
-0.0380528 0.129735 0.990818 -2.68768
-0.0179599 -0.991465 0.12913 -0.000294129
0.999114 -0.0128813 0.040058 0.192187
-0 -0 0 1
105 105 0
-0.0249073 0.130837 0.991091 -2.68333
-0.0190016 -0.991281 0.130384 -0.0010986
0.999509 -0.0155848 0.0271763 0.152049
-0 -0 0 1
106 106 0
0.00432636 0.134692 0.990878 -2.68965
-0.0182214 -0.990712 0.134749 -0.00311396
0.999825 -0.0186382 -0.0018319 0.117232
-0 -0 0 1
107 107 0
0.176369 0.140694 0.974217 -2.71082
-0.0293565 -0.98854 0.148077 -0.00597996
0.983886 -0.0547157 -0.170218 0.127773
-0 -0 0 1
108 108 0
0.23913 0.133214 0.961806 -2.74171
-0.0293515 -0.9891 0.144292 -0.00356315
0.970544 -0.062735 -0.232614 0.154327
-0 -0 0 1
109 109 0
0.160239 0.137168 0.977501 -2.77667
-0.0264983 -0.989343 0.143174 0.000750216
0.986722 -0.0488442 -0.154897 0.157637
-0 -0 0 1
110 110 0
0.17318 0.140388 0.974833 -2.82324
-0.0243143 -0.988878 0.14673 0.00140512
0.98459 -0.0491131 -0.16784 0.147397
-0 -0 0 1
111 111 0
0.275646 0.139283 0.951115 -2.87327
-0.0231928 -0.988195 0.151434 0.000621793
0.960979 -0.0638014 -0.269162 0.133491
-0 -0 0 1
112 112 0
0.328738 0.13529 0.934681 -2.92089
-0.0218039 -0.988335 0.150725 0.00130428
0.944169 -0.0699288 -0.321953 0.122133
-0 -0 0 1
113 113 0
0.320202 0.133189 0.93794 -2.96628
-0.0208862 -0.988835 0.147547 -0.00146283
0.947119 -0.0668347 -0.313845 0.0997206
-0 -0 0 1
114 114 0
0.276336 0.130116 0.952212 -2.99064
-0.0189347 -0.989863 0.140756 0.0014064
0.960874 -0.0569259 -0.271072 0.0578659
-0 -0 0 1
115 115 0
0.128464 0.13059 0.983079 -2.99921
-0.0192561 -0.990777 0.134129 0.00916171
0.991527 -0.036161 -0.124764 0.0111789
-0 -0 0 1
116 116 0
-0.00461465 0.129783 0.991532 -2.99656
-0.0188101 -0.991378 0.129676 0.00733487
0.999812 -0.0180524 0.0070161 -0.0348466
-0 -0 0 1
117 117 0
-0.155569 0.125389 0.979835 -2.97189
-0.0175827 -0.992105 0.124168 0.00637134
0.987669 0.00208855 0.156545 -0.0706153
-0 -0 0 1
118 118 0
-0.231938 0.124418 0.964741 -2.93713
-0.0186694 -0.992173 0.123467 0.0047015
0.972551 0.0106256 0.232445 -0.0988192
-0 -0 0 1
119 119 0
-0.252351 0.127666 0.959177 -2.9094
-0.0193108 -0.991725 0.126917 0.00660049
0.967443 0.0135052 0.252728 -0.135209
-0 -0 0 1
120 120 0
-0.255285 0.133324 0.95763 -2.88428
-0.0187936 -0.990944 0.132953 0.00630361
0.966683 0.0159435 0.255479 -0.180542
-0 -0 0 1
121 121 0
-0.261735 0.134156 0.95577 -2.85175
-0.0194986 -0.990825 0.133737 0.00616255
0.964943 0.0163673 0.261949 -0.221714
-0 -0 0 1
122 122 0
-0.237522 0.134924 0.961966 -2.81939
-0.0201458 -0.990778 0.133991 0.00645556
0.971173 0.0124463 0.23805 -0.259102
-0 -0 0 1
123 123 0
-0.206775 0.136232 0.968858 -2.79276
-0.0217244 -0.990654 0.13466 0.00565403
0.978147 0.00679657 0.207802 -0.298818
-0 -0 0 1
124 124 0
-0.219785 0.135855 0.966042 -2.76611
-0.0227201 -0.9907 0.134154 0.00373048
0.975284 0.00753638 0.220828 -0.330611
-0 -0 0 1
125 125 0
-0.198029 0.137116 0.970558 -2.74992
-0.0257068 -0.990553 0.134696 -0.000434409
0.979859 0.00172379 0.199683 -0.353282
-0 -0 0 1
126 126 0
-0.0500353 0.124872 0.99091 -2.74887
-0.0302879 -0.991887 0.123465 -0.00334634
0.998288 -0.023835 0.0534114 -0.360793
-0 -0 0 1
127 127 0
0.0710064 0.0663826 0.995265 -2.74617
-0.0290406 -0.997223 0.0685851 -0.000440351
0.997053 -0.0337731 -0.0688814 -0.363371
-0 -0 0 1
128 128 0
0.120872 0.0754906 0.989793 -2.74584
-0.0275307 -0.996466 0.0793615 0.00355951
0.992286 -0.0368423 -0.118367 -0.36334
-0 -0 0 1
129 129 0
0.158288 0.119336 0.980155 -2.74698
-0.025244 -0.991856 0.124837 0.00491873
0.98707 -0.0445032 -0.153986 -0.362385
-0 -0 0 1
130 130 0
0.169315 0.160081 0.972474 -2.74789
-0.0202699 -0.985946 0.165827 0.00508419
0.985353 -0.0477891 -0.163691 -0.362139
-0 -0 0 1
131 131 0
-0.466186 0.160955 0.869922 -1.24886
-0.00389466 -0.983675 0.179914 -0.0144677
0.884678 0.0804855 0.459202 -0.392583
-0 -0 0 1
132 132 0
-0.433846 0.164354 0.88587 -1.24713
-0.00529427 -0.98367 0.179906 -0.0131607
0.900972 0.0733615 0.427631 -0.394708
-0 -0 0 1
133 133 0
-0.325192 0.227554 0.917861 -1.24762
-0.00481291 -0.971002 0.239023 -0.00889163
0.945636 0.0733108 0.316857 -0.396472
-0 -0 0 1
134 134 0
-0.240589 0.34854 0.90589 -1.24787
-0.00644832 -0.933857 0.357587 -0.0082593
0.970606 0.08019 0.226923 -0.396974
-0 -0 0 1
135 135 0
-0.0805853 0.422269 0.902881 -1.24924
-0.00800476 -0.906072 0.423047 -0.00945342
0.996716 0.026864 0.0763963 -0.399276
-0 -0 0 1
136 136 0
0.0407684 0.422139 0.905614 -1.24988
-0.00979269 -0.906155 0.422833 -0.0118696
0.999121 -0.0261066 -0.0328086 -0.401461
-0 -0 0 1
137 137 0
0.109196 0.273569 0.955634 -1.24937
-0.00876333 -0.961081 0.276129 -0.0174055
0.993982 -0.0385266 -0.102548 -0.402304
-0 -0 0 1
138 138 0
0.0829157 0.213439 0.973431 -1.23478
-0.00874111 -0.976602 0.214879 -0.0164556
0.996518 -0.0263257 -0.07911 -0.405082
-0 -0 0 1
139 139 0
-0.0353437 0.20777 0.977539 -1.21509
-0.00856239 -0.978177 0.207596 -0.0152306
0.999339 -0.00103285 0.0363514 -0.420442
-0 -0 0 1
140 140 0
-0.0828634 0.197308 0.976833 -1.20292
-0.00757572 -0.980301 0.197366 -0.00916766
0.996532 0.00895421 0.0827258 -0.444913
-0 -0 0 1
141 141 0
-0.120422 0.192138 0.973952 -1.19022
-0.00657018 -0.981224 0.19276 -0.0101442
0.992701 0.0168136 0.119424 -0.470575
-0 -0 0 1
142 142 0
-0.212436 0.187782 0.958962 -1.17017
-0.00639776 -0.981608 0.190799 -0.013626
0.977154 0.0343973 0.20973 -0.496791
-0 -0 0 1
143 143 0
-0.25838 0.210867 0.942749 -1.1539
-0.00567544 -0.976201 0.216794 -0.0185314
0.966027 0.0506646 0.253427 -0.523177
-0 -0 0 1
144 144 0
-0.263685 0.33737 0.903688 -1.14359
-0.00732986 -0.937518 0.347861 -0.0172889
0.964581 0.0851017 0.249682 -0.540318
-0 -0 0 1
145 145 0
-0.238042 0.468482 0.8508 -1.14405
-0.00989089 -0.877104 0.480199 -0.0145601
0.971204 0.105892 0.213421 -0.563058
-0 -0 0 1
146 146 0
-0.251844 0.397076 0.882556 -1.15575
-0.0131704 -0.913272 0.407137 -0.00526325
0.967678 0.0909113 0.235232 -0.584995
-0 -0 0 1
147 147 0
-0.354559 0.190762 0.915367 -1.15968
-0.0147157 -0.979985 0.198529 -0.0049024
0.934918 0.0569198 0.35027 -0.598259
-0 -0 0 1
148 148 0
-0.474512 0.150197 0.86734 -1.16856
-0.0160383 -0.986647 0.162083 0.000824497
0.880103 0.0629996 0.470585 -0.616356
-0 -0 0 1
149 149 0
-0.456287 0.165703 0.874268 -1.1901
-0.0190307 -0.984101 0.176587 0.00714396
0.889629 0.0639366 0.452186 -0.623781
-0 -0 0 1
150 150 0
-0.375093 0.214101 0.901924 -1.20432
-0.0179839 -0.97446 0.22384 0.0134671
0.926813 0.0677407 0.369363 -0.63152
-0 -0 0 1
151 151 0
-0.339826 0.345765 0.874622 -1.19088
-0.012819 -0.931583 0.363303 0.0162779
0.940401 0.112248 0.321009 -0.65341
-0 -0 0 1
152 152 0
-0.278941 0.465717 0.839822 -1.17834
-0.0150926 -0.876551 0.481072 0.0163689
0.96019 0.121515 0.251535 -0.688918
-0 -0 0 1
153 153 0
-0.278119 0.483438 0.830023 -1.16969
-0.0158331 -0.866305 0.499265 0.0158171
0.960416 0.125713 0.24859 -0.722234
-0 -0 0 1
154 154 0
-0.396477 0.461491 0.793619 -1.15571
-0.0154431 -0.867697 0.496853 0.0142424
0.917915 0.184735 0.351149 -0.748908
-0 -0 0 1
155 155 0
-0.438903 0.368544 0.819475 -1.14763
-0.0177844 -0.915398 0.402158 0.00947042
0.898359 0.161934 0.408325 -0.778242
-0 -0 0 1
156 156 0
-0.493295 0.265917 0.82822 -1.15029
-0.0191692 -0.95522 0.295276 0.00269324
0.869651 0.129782 0.476303 -0.806149
-0 -0 0 1
157 157 0
-0.581238 0.195828 0.789819 -1.1419
-0.0190734 -0.973623 0.227364 0.010621
0.81351 0.117088 0.569642 -0.83445
-0 -0 0 1
158 158 0
-0.590999 0.218172 0.776609 -1.12761
-0.0187057 -0.966179 0.257192 0.0150634
0.806456 0.137473 0.575092 -0.866731
-0 -0 0 1
159 159 0
-0.594869 0.285505 0.75141 -1.1126
-0.0194262 -0.939629 0.341642 0.0157238
0.803588 0.188635 0.564503 -0.898879
-0 -0 0 1
160 160 0
-0.598358 0.322934 0.733267 -1.09116
-0.0220338 -0.921464 0.387837 0.014529
0.800926 0.215909 0.558481 -0.930458
-0 -0 0 1
161 161 0
-0.589146 0.325734 0.739462 -1.06159
-0.0228526 -0.921497 0.387713 0.0136059
0.807703 0.211521 0.55034 -0.958566
-0 -0 0 1
162 162 0
-0.516897 0.34544 0.783255 -1.03466
-0.0244652 -0.920554 0.389848 0.0135542
0.855698 0.182348 0.484283 -0.987876
-0 -0 0 1
163 163 0
-0.501076 0.349204 0.79182 -1.00715
-0.0262943 -0.920694 0.389399 0.0118261
0.865004 0.174298 0.47052 -1.0147
-0 -0 0 1
164 164 0
-0.492879 0.344508 0.79899 -0.970669
-0.0270734 -0.923903 0.381668 0.0133416
0.869677 0.166485 0.464699 -1.03467
-0 -0 0 1
165 165 0
-0.490311 0.254648 0.833516 -0.936261
-0.0272381 -0.960374 0.277382 0.0124549
0.871122 0.1133 0.477818 -1.05213
-0 -0 0 1
166 166 0
-0.518487 0.221014 0.826029 -0.902703
-0.0259372 -0.96964 0.243158 0.0145896
0.854692 0.104649 0.508478 -1.06395
-0 -0 0 1
167 167 0
-0.573919 0.270356 0.772998 -0.863085
-0.0236176 -0.949004 0.314379 0.0151203
0.818572 0.162172 0.551036 -1.07278
-0 -0 0 1
168 168 0
-0.641664 0.361381 0.676514 -0.828184
-0.0211438 -0.890042 0.455389 0.0148936
0.766695 0.277902 0.578748 -1.08132
-0 -0 0 1
169 169 0
-0.708476 0.344314 0.616044 -0.787266
-0.0199266 -0.882323 0.470223 0.0141406
0.705454 0.320866 0.631965 -1.08715
-0 -0 0 1
170 170 0
-0.626075 0.38129 0.680182 -0.746717
-0.0225731 -0.88079 0.472968 0.0139412
0.779436 0.28076 0.560048 -1.10077
-0 -0 0 1
171 171 0
-0.544501 0.412473 0.730331 -0.705962
-0.0252669 -0.878399 0.47726 0.0131652
0.838379 0.241416 0.488711 -1.11354
-0 -0 0 1
172 172 0
-0.498168 0.421034 0.757997 -0.661888
-0.0268978 -0.881277 0.471833 0.0115232
0.866663 0.214664 0.450349 -1.1236
-0 -0 0 1
173 173 0
-0.504731 0.29636 0.810813 -0.620138
-0.0281776 -0.944382 0.32764 0.00801149
0.862817 0.142523 0.485009 -1.13542
-0 -0 0 1
174 174 0
-0.495983 0.27728 0.822871 -0.580324
-0.0290419 -0.952412 0.303426 0.00741539
0.867846 0.126597 0.480433 -1.14498
-0 -0 0 1
175 175 0
-0.652771 0.226706 0.722838 -0.546228
-0.0246608 -0.960025 0.278826 0.00724409
0.757154 0.164183 0.632267 -1.14834
-0 -0 0 1
176 176 0
-0.873174 0.141343 0.466464 -0.512592
-0.0152743 -0.964495 0.263659 0.00809326
0.487169 0.223095 0.844331 -1.1489
-0 -0 0 1
177 177 0
-0.918816 0.123045 0.375016 -0.474766
-0.0132806 -0.959263 0.282201 0.0120118
0.394463 0.254311 0.883021 -1.15106
-0 -0 0 1
178 178 0
-0.923719 0.167283 0.344616 -0.435206
-0.0143609 -0.914103 0.405228 0.0125233
0.382802 0.369368 0.846776 -1.15154
-0 -0 0 1
179 179 0
-0.905414 0.222579 0.361504 -0.400601
-0.0178775 -0.870773 0.491361 0.0136364
0.424154 0.438422 0.792388 -1.15434
-0 -0 0 1
180 180 0
-0.866891 0.318563 0.383428 -0.365706
-0.0216459 -0.792497 0.609491 0.0144125
0.498027 0.520063 0.693905 -1.156
-0 -0 0 1
181 181 0
-0.779415 0.423629 0.461574 -0.325986
-0.02711 -0.758856 0.650694 0.0117607
0.625921 0.494647 0.602949 -1.15437
-0 -0 0 1
182 182 0
-0.612305 0.533568 0.583428 -0.286286
-0.0296525 -0.752914 0.65745 0.0107939
0.790065 0.38526 0.476835 -1.15678
-0 -0 0 1
183 183 0
-0.592239 0.517532 0.617587 -0.250178
-0.0276354 -0.779058 0.626342 0.00789416
0.805288 0.353877 0.475691 -1.15993
-0 -0 0 1
184 184 0
-0.572725 0.368958 0.732022 -0.224381
-0.0289221 -0.901524 0.431762 0.00154799
0.819237 0.226109 0.526996 -1.16423
-0 -0 0 1
185 185 0
-0.573596 0.236593 0.784226 -0.20796
-0.0308093 -0.962934 0.267973 0.000616024
0.818559 0.129547 0.559625 -1.16277
-0 -0 0 1
186 186 0
-0.855963 0.1513 0.494405 -0.198449
-0.0261016 -0.967652 0.250936 0.00203646
0.516378 0.201887 0.832223 -1.16111
-0 -0 0 1
187 187 0
-0.887356 0.164851 0.430608 -0.177106
-0.0212216 -0.947514 0.319009 0.00717376
0.460596 0.273936 0.844281 -1.16051
-0 -0 0 1
188 188 0
-0.894047 0.252747 0.369864 -0.147854
-0.0201064 -0.847446 0.530501 0.0105752
0.447522 0.466856 0.762738 -1.15838
-0 -0 0 1
189 189 0
-0.90402 0.297809 0.306687 -0.111445
-0.0191048 -0.744842 0.666967 0.011258
0.427062 0.597092 0.679042 -1.15473
-0 -0 0 1
190 190 0
-0.929373 0.263334 0.258692 -0.0733131
-0.0169074 -0.730422 0.682787 0.0119436
0.368756 0.63019 0.683286 -1.15323
-0 -0 0 1
191 191 0
-0.929699 0.263924 0.256913 -0.0311896
-0.0188925 -0.730777 0.682354 0.0120363
0.367836 0.62953 0.684389 -1.1449
-0 -0 0 1
192 192 0
-0.838324 0.389453 0.381497 0.0102576
-0.0249792 -0.726476 0.686737 0.0119746
0.5446 0.566179 0.618751 -1.13586
-0 -0 0 1
193 193 0
-0.746913 0.473522 0.466795 0.0488104
-0.0277657 -0.723629 0.68963 0.00988324
0.664342 0.502133 0.553636 -1.12849
-0 -0 0 1
194 194 0
-0.728821 0.484313 0.484005 0.0863699
-0.0282507 -0.727549 0.685473 0.00987343
0.684121 0.485914 0.543936 -1.1226
-0 -0 0 1
195 195 0
-0.724458 0.456346 0.516633 0.124622
-0.0268711 -0.767609 0.640355 0.00701913
0.688795 0.450028 0.568362 -1.11494
-0 -0 0 1
196 196 0
-0.718551 0.403206 0.566666 0.159779
-0.0261042 -0.829852 0.557373 0.0037274
0.694985 0.385708 0.606816 -1.11397
-0 -0 0 1
197 197 0
-0.690913 0.28527 0.664275 0.191243
-0.0291785 -0.929109 0.368653 0.000855888
0.722349 0.235325 0.650257 -1.10667
-0 -0 0 1
198 198 0
-0.648403 0.131011 0.74994 0.215928
-0.0306413 -0.988774 0.146241 -0.00312794
0.76068 0.071844 0.645139 -1.10236
-0 -0 0 1
199 199 0
-0.718973 0.0162965 0.694847 0.228065
-0.0287544 -0.999567 -0.00630954 -0.003386
0.694443 -0.0245163 0.71913 -1.09973
-0 -0 0 1
200 200 0
-0.881662 0.0598505 0.468071 0.236432
-0.0261328 -0.996595 0.0782068 0.00250661
0.471158 0.0567199 0.880223 -1.09909
-0 -0 0 1
201 201 0
-0.91751 0.186503 0.351271 0.242926
-0.0220547 -0.90573 0.42328 0.00721495
0.3971 0.380617 0.83513 -1.10051
-0 -0 0 1
202 202 0
-0.957492 0.191685 0.215559 0.256921
-0.0147807 -0.778897 0.626977 0.00914893
0.288081 0.59714 0.748621 -1.09937
-0 -0 0 1
203 203 0
-0.97982 0.158037 0.122381 0.271875
-0.0118968 -0.657291 0.753543 0.011652
0.199528 0.736881 0.645907 -1.09792
-0 -0 0 1
204 204 0
-0.998443 -0.0430121 -0.035519 0.278359
-0.00506639 -0.56419 0.825629 0.00889768
-0.0555515 0.824524 0.563094 -1.0977
-0 -0 0 1
205 205 0
-0.965788 -0.207449 -0.155625 0.281109
-0.00681342 -0.57959 0.81488 0.00636261
-0.259245 0.788061 0.558347 -1.09689
-0 -0 0 1
206 206 0
-0.961154 -0.187398 -0.202646 0.282296
-0.0103905 -0.709104 0.705027 0.00374834
-0.275818 0.679745 0.679611 -1.09725
-0 -0 0 1
207 207 0
-0.947668 -0.169322 -0.270657 0.285412
-0.0094226 -0.832567 0.553844 0.00206904
-0.319118 0.52741 0.787402 -1.09637
-0 -0 0 1
208 208 0
-0.934283 -0.146771 -0.324922 0.289338
-0.00689895 -0.903724 0.428061 -0.00104972
-0.356467 0.402172 0.843321 -1.09791
-0 -0 0 1
209 209 0
-0.921868 -0.081599 -0.378816 0.296977
-0.00549494 -0.974727 0.223333 -0.00352425
-0.387466 0.207965 0.898121 -1.09592
-0 -0 0 1
210 210 0
-0.9078 -0.00444023 -0.41938 0.312226
-0.000499835 -0.999932 0.0116688 -0.00780781
-0.419404 0.0108026 0.907736 -1.09706
-0 -0 0 1
211 211 0
-0.926333 0.0350575 -0.37507 0.338717
-0.00918955 -0.997467 -0.0705364 -0.00563991
-0.376593 -0.0618935 0.924309 -1.0966
-0 -0 0 1
212 212 0
-0.999873 0.0041539 0.0153863 0.365926
-0.00508292 -0.998135 -0.0608413 -0.00522598
0.0151048 -0.0609118 0.998029 -1.10274
-0 -0 0 1
213 213 0
-0.945586 -0.0127971 0.325121 0.39565
-0.00570363 -0.998421 -0.0558875 -0.00521056
0.325322 -0.0547008 0.94402 -1.11832
-0 -0 0 1
214 214 0
-0.841131 -0.0117336 0.540704 0.427893
-0.00544983 -0.99953 -0.0301683 -0.00256149
0.540804 -0.0283222 0.840672 -1.13914
-0 -0 0 1
215 215 0
-0.79225 0.0933599 0.603012 0.458169
-0.00573704 -0.989322 0.145632 -0.000151838
0.610169 0.111917 0.784326 -1.15852
-0 -0 0 1
216 216 0
-0.773583 0.183777 0.606461 0.487318
-0.00868989 -0.96001 0.27983 0.004184
0.633635 0.211201 0.744245 -1.17434
-0 -0 0 1
217 217 0
-0.791188 0.273907 0.546805 0.517691
-0.0107715 -0.9002 0.435344 0.0070413
0.611478 0.338549 0.715178 -1.18618
-0 -0 0 1
218 218 0
-0.854092 0.280995 0.437687 0.547022
-0.0115097 -0.851511 0.52421 0.00854412
0.519995 0.442686 0.730503 -1.20414
-0 -0 0 1
219 219 0
-0.887253 0.26578 0.377018 0.576229
-0.0130491 -0.83146 0.555432 0.00960962
0.461098 0.487889 0.741184 -1.23108
-0 -0 0 1
220 220 0
-0.94074 0.217588 0.260124 0.588924
-0.012293 -0.788409 0.615029 0.0113501
0.338907 0.575384 0.744362 -1.25564
-0 -0 0 1
221 221 0
-0.997448 -0.0433182 -0.0567504 0.589729
-0.012961 -0.671814 0.740606 0.0124249
-0.0702074 0.739452 0.669538 -1.28493
-0 -0 0 1
222 222 0
-0.999187 -0.0177319 -0.0361934 0.582278
-0.0173782 -0.620703 0.783853 0.0108538
-0.0363646 0.783845 0.61989 -1.30599
-0 -0 0 1
223 223 0
-0.979068 -0.148712 -0.138963 0.568758
-0.0161379 -0.623884 0.78135 0.0102196
-0.202893 0.767238 0.608425 -1.32331
-0 -0 0 1
224 224 0
-0.976628 -0.152039 -0.151928 0.553969
-0.016276 -0.652506 0.757609 0.00759688
-0.21432 0.742375 0.634781 -1.33987
-0 -0 0 1
225 225 0
-0.975243 -0.122709 -0.183967 0.536155
-0.0172586 -0.787142 0.61653 0.00142006
-0.220462 0.604442 0.765537 -1.35502
-0 -0 0 1
226 226 0
-0.969208 -0.070179 -0.236032 0.526981
-0.0155787 -0.939133 0.343201 -0.00178484
-0.245751 0.33631 0.909122 -1.37131
-0 -0 0 1
227 227 0
-0.891752 -0.062536 -0.448182 0.54626
-0.00419926 -0.989219 0.146384 -0.00110401
-0.452504 0.13242 0.881876 -1.37206
-0 -0 0 1
228 228 0
-0.832192 -0.0385019 -0.55315 0.57774
-0.000568032 -0.997527 0.0702873 -0.00106829
-0.554488 0.0588067 0.830111 -1.36442
-0 -0 0 1
229 229 0
-0.825927 -0.0273321 -0.563114 0.617185
0.00163538 -0.998936 0.0460872 -0.000702433
-0.563774 0.0371438 0.825093 -1.34862
-0 -0 0 1
230 230 0
-0.841998 -0.0265187 -0.538829 0.6592
0.00124907 -0.998884 0.0472086 -0.000943344
-0.53948 0.0390765 0.841091 -1.32976
-0 -0 0 1
231 231 0
-0.908856 -0.0192494 -0.416665 0.703474
-0.000900351 -0.998842 0.0481091 -0.00177023
-0.417108 0.0440995 0.907786 -1.31256
-0 -0 0 1
232 232 0
-0.944618 -0.0358074 -0.326212 0.738771
-0.000498124 -0.993872 0.110537 0.00491043
-0.328171 0.104578 0.938812 -1.30617
-0 -0 0 1
233 233 0
-0.947434 -0.112704 -0.299445 0.773459
-0.00291937 -0.93282 0.36033 0.0108164
-0.319939 0.342263 0.883456 -1.29518
-0 -0 0 1
234 234 0
-0.962994 -0.147629 -0.225495 0.810961
-0.00529976 -0.826114 0.563478 0.0136802
-0.26947 0.543821 0.79476 -1.2802
-0 -0 0 1
235 235 0
-0.975176 -0.150583 -0.162348 0.853476
-0.00704991 -0.711688 0.702461 0.0128817
-0.22132 0.686167 0.692959 -1.27515
-0 -0 0 1
236 236 0
-0.984271 -0.118689 -0.13086 0.897319
-0.0103674 -0.700632 0.713448 0.0129878
-0.176363 0.703582 0.688381 -1.27041
-0 -0 0 1
237 237 0
-0.994186 -0.0686532 -0.0829492 0.939084
-0.0114036 -0.698902 0.715127 0.0113051
-0.107069 0.711915 0.694056 -1.26817
-0 -0 0 1
238 238 0
-0.993662 -0.0639438 -0.0924525 0.984867
-0.013104 -0.750952 0.660227 0.00643268
-0.111645 0.657254 0.745354 -1.27047
-0 -0 0 1
239 239 0
-0.985232 -0.0737304 -0.154539 1.0267
-0.0179327 -0.853147 0.521363 0.00320144
-0.170285 0.516434 0.839225 -1.26731
-0 -0 0 1
240 240 0
-0.982371 -0.0447217 -0.181516 1.06674
-0.0217688 -0.936993 0.348669 -0.000768019
-0.185672 0.346473 0.919501 -1.25849
-0 -0 0 1
241 241 0
-0.969624 -0.0180196 -0.243934 1.09961
-0.0236503 -0.985703 0.166824 -0.00266886
-0.243452 0.167526 0.955336 -1.24103
-0 -0 0 1
242 242 0
-0.955385 0.0229532 -0.294471 1.13231
-0.0237102 -0.999718 -0.000999723 -0.00375609
-0.294411 0.00602685 0.95566 -1.21517
-0 -0 0 1
243 243 0
-0.877425 0.0328258 -0.478589 1.16039
-0.0221719 -0.999365 -0.0278959 -0.00235543
-0.479201 -0.0138653 0.877596 -1.19469
-0 -0 0 1
244 244 0
-0.757754 0.0360277 -0.651545 1.18757
-0.018922 -0.999268 -0.0332489 -0.00254743
-0.652266 -0.0128659 0.757881 -1.17123
-0 -0 0 1
245 245 0
-0.494362 0.0423966 -0.868222 1.19798
-0.0132768 -0.999062 -0.0412259 -0.00239658
-0.869155 -0.00885334 0.494461 -1.13775
-0 -0 0 1
246 246 0
-0.354427 0.0396486 -0.934243 1.20052
-0.0101513 -0.999205 -0.0385544 -0.000744651
-0.935028 -0.00418095 0.354548 -1.10061
-0 -0 0 1
247 247 0
-0.318415 -0.176192 -0.931433 1.19896
-0.00825939 -0.982022 0.188585 0.00449006
-0.947915 0.0677414 0.311235 -1.06056
-0 -0 0 1
248 248 0
-0.406313 -0.390233 -0.826213 1.20819
-0.0125859 -0.90174 0.432095 0.00945815
-0.913647 0.185964 0.361478 -1.02393
-0 -0 0 1
249 249 0
-0.60865 -0.485699 -0.627409 1.23617
-0.0168513 -0.782655 0.622227 0.014348
-0.79326 0.389291 0.468178 -0.99697
-0 -0 0 1
250 250 0
-0.827293 -0.411247 -0.382704 1.26752
-0.0235559 -0.655252 0.755043 0.0113867
-0.561277 0.633657 0.532398 -0.972154
-0 -0 0 1
251 251 0
-0.859007 -0.374722 -0.34884 1.29706
-0.0250042 -0.649857 0.759645 0.0107456
-0.511352 0.661263 0.548863 -0.940489
-0 -0 0 1
252 252 0
-0.850786 -0.385002 -0.357681 1.32114
-0.025109 -0.650075 0.759455 0.00867121
-0.524911 0.655115 0.543408 -0.906698
-0 -0 0 1
253 253 0
-0.809765 -0.421329 -0.408367 1.34246
-0.0224926 -0.673173 0.739143 0.00543978
-0.586324 0.607717 0.535635 -0.873936
-0 -0 0 1
254 254 0
-0.763399 -0.372956 -0.527375 1.36298
-0.0234399 -0.79993 0.599636 0.00205757
-0.645501 0.470123 0.601924 -0.841127
-0 -0 0 1
255 255 0
-0.720205 -0.296585 -0.62717 1.37922
-0.0261861 -0.891748 0.451773 -0.00317984
-0.693267 0.341792 0.634475 -0.816999
-0 -0 0 1
256 256 0
-0.714877 -0.118835 -0.689078 1.38286
-0.0279572 -0.979808 0.197976 -0.0067383
-0.698691 0.160794 0.69712 -0.810824
-0 -0 0 1
257 257 0
-0.702779 0.0046825 -0.711393 1.3826
-0.0254518 -0.999504 0.0185648 -0.00699773
-0.710953 0.0311532 0.702549 -0.811061
-0 -0 0 1
258 258 0
-0.522087 0.0143925 -0.852771 1.38097
-0.0184253 -0.999815 -0.00559378 -0.00489943
-0.852693 0.0127922 0.522255 -0.815557
-0 -0 0 1
259 259 0
-0.459043 -0.103773 -0.882332 1.38201
-0.0145303 -0.992145 0.124248 0.00200181
-0.888295 0.0698558 0.453929 -0.814912
-0 -0 0 1
260 260 0
-0.467282 -0.308808 -0.828423 1.38623
-0.00916594 -0.935273 0.353808 0.00447282
-0.884061 0.172921 0.434206 -0.809416
-0 -0 0 1
261 261 0
-0.466514 -0.445035 -0.764401 1.40867
-0.00199564 -0.863673 0.504049 0.00471207
-0.884512 0.236671 0.402027 -0.78242
-0 -0 0 1
262 262 0
-0.517598 -0.44111 -0.733154 1.43337
-0.00302598 -0.855915 0.517107 0.00529248
-0.855619 0.269872 0.441685 -0.750747
-0 -0 0 1
263 263 0
-0.53456 -0.504346 -0.678145 1.423
-0.00347941 -0.801095 0.598528 0.00643064
-0.845123 0.322309 0.426479 -0.710891
-0 -0 0 1
264 264 0
-0.509593 -0.631374 -0.584535 1.40128
-0.00577575 -0.676838 0.736109 0.00439983
-0.860396 0.378492 0.341266 -0.675296
-0 -0 0 1
265 265 0
-0.402901 -0.671086 -0.622346 1.37306
-0.00817011 -0.677314 0.735649 0.0021814
-0.915207 0.301478 0.267408 -0.640137
-0 -0 0 1
266 266 0
-0.278547 -0.666383 -0.691625 1.34228
-0.0104239 -0.717986 0.69598 -0.00151991
-0.960366 0.201072 0.193046 -0.606728
-0 -0 0 1
267 267 0
-0.210968 -0.528199 -0.822495 1.32052
-0.0128822 -0.839858 0.542654 -0.0042878
-0.977408 0.125078 0.170379 -0.572918
-0 -0 0 1
268 268 0
-0.199545 -0.395421 -0.896562 1.3035
-0.0156517 -0.91356 0.406402 -0.00594697
-0.979764 0.0951283 0.176108 -0.534267
-0 -0 0 1
269 269 0
-0.16509 -0.270606 -0.948429 1.29987
-0.0148746 -0.960832 0.276733 -0.00621635
-0.986166 0.0597934 0.154598 -0.494996
-0 -0 0 1
270 270 0
-0.155102 -0.204346 -0.966533 1.31695
-0.0123864 -0.977894 0.208735 -0.00627122
-0.987821 0.044347 0.149142 -0.451882
-0 -0 0 1
271 271 0
-0.0104677 -0.193522 -0.98104 1.33629
-0.0116353 -0.981004 0.193639 -0.00651417
-0.999878 0.0134417 0.00801714 -0.426047
-0 -0 0 1
272 272 0
0.12001 -0.155483 -0.980522 1.33917
-0.0163962 -0.987835 0.154636 -0.00651925
-0.992637 -0.00248104 -0.121099 -0.424286
-0 -0 0 1
273 273 0
0.184263 -0.149642 -0.971419 1.34029
-0.0152971 -0.988659 0.149396 -0.00638623
-0.982758 -0.0126683 -0.184462 -0.422923
-0 -0 0 1
274 274 0
0.186901 -0.146529 -0.971389 1.34289
-0.0103126 -0.989052 0.147209 -0.00521535
-0.982325 -0.017496 -0.186366 -0.422023
-0 -0 0 1
275 275 0
0.189727 -0.149931 -0.970322 1.34869
-0.00629405 -0.988437 0.1515 -0.00397655
-0.981817 -0.0226363 -0.188477 -0.414512
-0 -0 0 1
276 276 0
0.174 -0.257115 -0.950587 1.36342
-0.0048867 -0.965526 0.260261 -0.000666665
-0.984734 -0.0406402 -0.169258 -0.404716
-0 -0 0 1
277 277 0
0.184869 -0.362658 -0.913402 1.37639
-0.00673615 -0.929868 0.367832 0.000731508
-0.98274 -0.061848 -0.174347 -0.393714
-0 -0 0 1
278 278 0
0.193196 -0.530026 -0.82568 1.38313
-0.00224354 -0.841771 0.53983 0.00546644
-0.981158 -0.10244 -0.163816 -0.378389
-0 -0 0 1
279 279 0
0.118076 -0.684987 -0.718923 1.39221
-0.00405651 -0.724315 0.689458 0.00568207
-0.992996 -0.0784922 -0.0883029 -0.358668
-0 -0 0 1
280 280 0
-0.0343987 -0.804901 -0.592411 1.39923
-0.00671057 -0.592562 0.805497 0.00433511
-0.999386 0.0316834 0.014982 -0.33482
-0 -0 0 1
281 281 0
-0.242469 -0.79063 -0.562239 1.40668
-0.00711676 -0.578068 0.815958 0.00269875
-0.970133 0.201846 0.134537 -0.311904
-0 -0 0 1
282 282 0
-0.267082 -0.714968 -0.646134 1.41675
-0.00829951 -0.668759 0.743433 -0.00161728
-0.963638 0.20392 0.172679 -0.287764
-0 -0 0 1
283 283 0
-0.204468 -0.554544 -0.806643 1.43375
-0.0101934 -0.822802 0.568237 -0.00536074
-0.97882 0.124409 0.162584 -0.265998
-0 -0 0 1
284 284 0
-0.0430975 -0.319193 -0.946709 1.45147
-0.00991271 -0.947406 0.31988 -0.00871716
-0.999022 0.0231705 0.0376667 -0.251363
-0 -0 0 1
285 285 0
0.237794 -0.205807 -0.949262 1.47121
-0.00913307 -0.977725 0.20969 -0.00943143
-0.971273 -0.0411934 -0.234377 -0.235192
-0 -0 0 1
286 286 0
0.400469 -0.194153 -0.895505 1.47994
-0.00913147 -0.978092 0.207975 -0.00967274
-0.916265 -0.0751103 -0.393469 -0.201273
-0 -0 0 1
287 287 0
0.408742 -0.233958 -0.882153 1.49329
-0.00954479 -0.967627 0.252204 -0.00565025
-0.9126 -0.0946666 -0.397743 -0.170295
-0 -0 0 1
288 288 0
0.352641 -0.257159 -0.89973 1.51446
-0.0136561 -0.96281 0.269836 -0.00487346
-0.935659 -0.0828682 -0.343038 -0.140143
-0 -0 0 1
289 289 0
0.231687 -0.280875 -0.93136 1.53878
-0.0137755 -0.958262 0.285561 -0.00301132
-0.972693 -0.0533308 -0.225886 -0.110578
-0 -0 0 1
290 290 0
0.120773 -0.429035 -0.895178 1.56838
-0.0150379 -0.902466 0.430499 -0.00229667
-0.992566 -0.0385312 -0.115446 -0.0779215
-0 -0 0 1
291 291 0
0.0544087 -0.45361 -0.889538 1.59068
-0.0161307 -0.891141 0.453441 -0.00128143
-0.998388 -0.0103222 -0.0558029 -0.0436328
-0 -0 0 1
292 292 0
0.190051 -0.495444 -0.847594 1.615
-0.0112874 -0.864375 0.502722 -0.00286647
-0.981709 -0.0859757 -0.169868 -0.0176054
-0 -0 0 1
293 293 0
0.329555 -0.538029 -0.775834 1.63037
-0.0182522 -0.825216 0.564522 0.000272506
-0.94396 -0.171881 -0.281774 0.000830793
-0 -0 0 1
294 294 0
0.343385 -0.662143 -0.666073 1.63859
-0.0196198 -0.714098 0.69977 0.000577536
-0.93899 -0.227222 -0.258202 0.0118861
-0 -0 0 1
295 295 0
0.382237 -0.650942 -0.655873 1.64427
-0.0149475 -0.714032 0.699953 -0.00591157
-0.923943 -0.257744 -0.28266 0.0382079
