0 0 0
0.865858 -0.0494865 -0.497836 -0.129562
0.0207291 -0.990693 0.134531 -0.0238417
-0.49986 -0.126804 -0.856773 1.31479
-0 -0 0 1
1 1 0
0.897602 -0.0412337 -0.438875 -0.128713
0.0250498 -0.989235 0.144175 -0.0231376
-0.440095 -0.140405 -0.886906 1.31023
-0 -0 0 1
2 2 0
0.836401 -0.0598132 -0.544844 -0.134017
0.0283555 -0.987975 0.151989 -0.0223574
-0.547384 -0.142573 -0.824648 1.31253
-0 -0 0 1
3 3 0
0.751253 -0.0991684 -0.652522 -0.136155
0.012753 -0.986282 0.164575 -0.0223754
-0.659892 -0.131959 -0.739682 1.31363
-0 -0 0 1
4 4 0
0.733611 -0.127261 -0.667547 -0.12907
-0.010157 -0.984253 0.176475 -0.0219342
-0.679493 -0.122684 -0.723352 1.31062
-0 -0 0 1
5 5 0
0.887875 -0.107574 -0.447331 -0.106584
-0.0200911 -0.980419 0.195893 -0.021599
-0.459645 -0.164941 -0.872652 1.29646
-0 -0 0 1
6 6 0
0.984092 -0.0325768 -0.174647 -0.0573849
0.00539183 -0.977115 0.212643 -0.0232346
-0.177577 -0.210202 -0.961396 1.26642
-0 -0 0 1
7 7 0
0.999102 0.0366454 0.0212708 -0.00502885
0.0311735 -0.975729 0.216752 -0.0235043
0.0286975 -0.215894 -0.975995 1.21922
-0 -0 0 1
8 8 0
0.989985 0.0699017 0.122655 0.0560608
0.0421253 -0.975499 0.215935 -0.0208356
0.134744 -0.208606 -0.968673 1.179
-0 -0 0 1
9 9 0
0.98939 0.078167 0.12246 0.11239
0.050907 -0.976008 0.211699 -0.0204085
0.13607 -0.203219 -0.969632 1.12996
-0 -0 0 1
10 10 0
0.927028 -0.0528056 -0.371255 0.160016
0.0203271 -0.981504 0.190362 -0.0225867
-0.37444 -0.184017 -0.908808 1.08378
-0 -0 0 1
11 11 0
0.683158 -0.119179 -0.72048 0.196548
0.0049717 -0.985811 0.167783 -0.0113337
-0.730254 -0.118205 -0.672872 1.04166
-0 -0 0 1
12 12 0
0.421381 -0.154697 -0.893592 0.241109
-0.0309929 -0.987225 0.156292 -0.00833242
-0.906354 -0.0381634 -0.420792 0.982803
-0 -0 0 1
13 13 0
0.575473 -0.145545 -0.804765 0.293703
-0.00829105 -0.985024 0.172217 -0.00607425
-0.817778 -0.0924337 -0.568062 0.921894
-0 -0 0 1
14 14 0
0.716893 -0.144216 -0.682105 0.335407
0.0001686 -0.978336 0.207025 -0.00618463
-0.697183 -0.148529 -0.701337 0.856756
-0 -0 0 1
15 15 0
0.758414 -0.137379 -0.63713 0.381201
0.0110563 -0.974682 0.223324 -0.00710993
-0.651679 -0.176416 -0.737693 0.794748
-0 -0 0 1
16 16 0
0.734712 -0.173573 -0.655798 0.421153
0.0156655 -0.962114 0.272197 0.00230446
-0.678199 -0.21026 -0.704157 0.745337
-0 -0 0 1
17 17 0
0.452457 -0.303657 -0.838496 0.409316
-0.0196246 -0.943406 0.33106 -0.00165173
-0.89157 -0.133335 -0.43281 0.679795
-0 -0 0 1
18 18 0
0.0145615 -0.348067 -0.937357 0.352739
-0.0508405 -0.936501 0.346959 -0.0175241
-0.998601 0.0426035 -0.0313327 0.618625
-0 -0 0 1
19 19 0
-0.158568 -0.327893 -0.931312 0.30003
-0.0648461 -0.937751 0.341201 -0.0158168
-0.985216 0.114495 0.127434 0.56022
-0 -0 0 1
20 20 0
-0.132931 -0.32392 -0.936699 0.28966
-0.0710782 -0.939537 0.334989 -0.00102573
-0.988573 0.111109 0.10187 0.501868
-0 -0 0 1
21 21 0
-0.103904 -0.289142 -0.951631 0.303213
-0.0791628 -0.95137 0.297707 -0.0021842
-0.991432 0.106267 0.0759615 0.420909
-0 -0 0 1
22 22 0
-0.191106 -0.134938 -0.97225 0.289173
-0.0705513 -0.986055 0.150722 0.0235314
-0.979031 0.0973973 0.178921 0.365753
-0 -0 0 1
23 23 0
-0.199936 -0.119387 -0.972508 0.256655
-0.0677218 -0.988491 0.135272 0.0163312
-0.977466 0.0929057 0.18955 0.299136
-0 -0 0 1
24 24 0
-0.13694 -0.111668 -0.984265 0.217333
-0.0502735 -0.991562 0.11949 0.0152
-0.989303 0.0658455 0.130171 0.252746
-0 -0 0 1
25 25 0
-0.0113128 -0.137486 -0.990439 0.205375
-0.0286222 -0.990052 0.137759 0.0219955
-0.999526 0.029907 0.00726514 0.228613
-0 -0 0 1
26 26 0
0.0863695 -0.414792 -0.905808 0.208494
-0.00934352 -0.909503 0.415593 0.020572
-0.996219 -0.0274311 -0.0824289 0.222793
-0 -0 0 1
27 27 0
0.176111 -0.624082 -0.761253 0.212737
-0.0196577 -0.775416 0.631145 0.0225141
-0.984174 -0.0961872 -0.148827 0.217502
-0 -0 0 1
28 28 0
0.512806 -0.566062 -0.645449 0.219298
-0.0463196 -0.768977 0.637596 0.0200919
-0.857254 -0.297066 -0.420556 0.208033
-0 -0 0 1
29 29 0
0.664264 -0.487773 -0.566419 0.215381
-0.0636083 -0.79189 0.607342 0.0161947
-0.744786 -0.367407 -0.557051 0.213777
-0 -0 0 1
30 30 0
0.703212 -0.494557 -0.510791 0.220752
-0.0510961 -0.751728 0.657491 0.0246117
-0.709142 -0.436256 -0.553893 0.213026
-0 -0 0 1
31 31 0
0.737701 -0.51689 -0.434307 0.233001
-0.0378495 -0.673948 0.737808 0.0247988
-0.674066 -0.527843 -0.516736 0.195118
-0 -0 0 1
32 32 0
0.809284 -0.428266 -0.402055 0.253168
-0.0198669 -0.704007 0.709915 0.0153084
-0.587082 -0.566535 -0.57825 0.178203
-0 -0 0 1
33 33 0
0.864798 -0.225579 -0.448597 0.253959
0.0142374 -0.882029 0.47098 0.00662756
-0.501919 -0.413689 -0.759565 0.171735
-0 -0 0 1
34 34 0
0.900048 -0.0591836 -0.431754 0.254275
0.0347946 -0.977813 0.20657 0.00198658
-0.4344 -0.200945 -0.878019 0.170351
-0 -0 0 1
35 35 0
0.848894 -0.0167691 -0.528298 0.265583
0.0550037 -0.991267 0.119847 0.0115637
-0.525694 -0.130796 -0.840558 0.156812
-0 -0 0 1
36 36 0
0.65487 -0.0353631 -0.754913 0.281979
0.0573293 -0.993702 0.0962808 0.0206513
-0.753564 -0.10633 -0.648719 0.11642
-0 -0 0 1
37 37 0
0.570023 0.00455656 -0.821616 0.28639
0.0370181 -0.999112 0.0201416 0.0330462
-0.820794 -0.0418958 -0.569685 0.0691929
-0 -0 0 1
38 38 0
0.251078 0.0660972 -0.965707 0.281042
0.0283732 -0.99774 -0.0609128 0.0330727
-0.967551 -0.0121063 -0.252386 0.04308
-0 -0 0 1
39 39 0
-0.30605 0.0896475 -0.947785 0.291821
-0.0111795 -0.995826 -0.0905815 0.0248992
-0.95195 -0.0171267 0.305775 0.0427566
-0 -0 0 1
40 40 0
-0.466866 -0.103243 -0.878281 0.317624
-0.00929055 -0.992534 0.121612 0.0228415
-0.884279 0.0649362 0.462421 0.0347845
-0 -0 0 1
41 41 0
-0.342845 -0.370297 -0.86333 0.321471
-0.00747985 -0.917925 0.396684 0.0238012
-0.939362 0.142459 0.311936 0.0300583
-0 -0 0 1
42 42 0
0.289329 -0.488056 -0.823463 0.330036
-0.00046133 -0.860327 0.509743 0.0246323
-0.95723 -0.147103 -0.249142 0.0223901
-0 -0 0 1
43 43 0
0.770942 -0.333261 -0.542758 0.337717
-0.00551914 -0.855643 0.517537 0.0232209
-0.636882 -0.395996 -0.66149 0.0197625
-0 -0 0 1
44 44 0
0.978155 -0.0950602 -0.184866 0.340548
0.0112347 -0.86384 0.50364 0.0190134
-0.207571 -0.494715 -0.843902 0.00879448
-0 -0 0 1
45 45 0
0.997343 0.0238087 0.0688433 0.34461
0.000966345 -0.949319 0.314312 0.0099949
0.0728376 -0.31341 -0.94682 -0.00642815
-0 -0 0 1
46 46 0
0.985553 0.024537 0.167581 0.347298
0.0191239 -0.999244 0.0338397 0.000350711
0.168285 -0.030146 -0.985277 -0.0281738
-0 -0 0 1
47 47 0
0.983329 0.0550635 0.173296 0.375327
0.0611353 -0.997682 -0.0298925 -0.000158788
0.171248 0.0399887 -0.984416 -0.0640587
-0 -0 0 1
48 48 0
0.991898 0.0847487 0.0946312 0.419803
0.0900425 -0.994519 -0.0531411 0.00129774
0.0896089 0.0612314 -0.994093 -0.106579
-0 -0 0 1
49 49 0
0.990103 0.111922 0.084668 0.452994
0.116779 -0.991647 -0.0547552 -0.00359841
0.0778325 0.0641007 -0.994904 -0.151687
-0 -0 0 1
50 50 0
0.977476 0.128597 0.167342 0.485341
0.137716 -0.989492 -0.0440329 -0.0282525
0.159921 0.0660869 -0.984915 -0.178931
-0 -0 0 1
51 51 0
0.99105 0.130705 0.02712 0.554129
0.132019 -0.989765 -0.0541891 -0.0249793
0.0197597 0.0572844 -0.998162 -0.184579
-0 -0 0 1
52 52 0
0.898635 0.113792 -0.423681 0.609922
0.102798 -0.993505 -0.0487973 -0.0221356
-0.426482 0.000297381 -0.904496 -0.201308
-0 -0 0 1
53 53 0
0.351323 -0.116282 -0.929005 0.625474
0.0257675 -0.990681 0.133746 -0.0226952
-0.9359 -0.0709262 -0.345053 -0.192396
-0 -0 0 1
54 54 0
-0.424748 -0.168074 -0.889573 0.649474
-0.0683683 -0.973854 0.216643 -0.0209278
-0.902726 0.152837 0.402152 -0.212581
-0 -0 0 1
55 55 0
-0.351885 -0.236431 -0.905692 0.661401
-0.0543559 -0.960781 0.27193 -0.0209723
-0.934464 0.144918 0.325233 -0.277657
-0 -0 0 1
56 56 0
-0.0753893 -0.306066 -0.94902 0.704587
-0.0506397 -0.949326 0.310188 -0.0244535
-0.995867 0.0714429 0.0560699 -0.346017
-0 -0 0 1
57 57 0
0.0498626 -0.45793 -0.887589 0.750715
-0.0399664 -0.888897 0.45636 -0.0237642
-0.997956 0.0127185 -0.0626245 -0.41068
-0 -0 0 1
58 58 0
0.305245 -0.468046 -0.829312 0.809326
-0.0581609 -0.878413 0.47435 -0.0265841
-0.950496 -0.0965592 -0.295353 -0.466725
-0 -0 0 1
59 59 0
0.415634 -0.427736 -0.802677 0.868567
-0.0359003 -0.889544 0.455436 -0.030469
-0.908823 -0.160478 -0.38508 -0.525386
-0 -0 0 1
60 60 0
0.410543 -0.272952 -0.870029 0.922555
-0.0346551 -0.958127 0.284238 -0.032687
-0.911182 -0.0865411 -0.402812 -0.590551
-0 -0 0 1
61 61 0
0.431043 -0.189286 -0.882255 0.959084
-0.0409575 -0.980846 0.190428 -0.0373549
-0.901402 -0.0459475 -0.430539 -0.661734
-0 -0 0 1
62 62 0
0.00255994 -0.133416 -0.991057 0.990457
-0.00660971 -0.991041 0.133397 -0.0349353
-0.999975 0.00620911 -0.00341885 -0.728826
-0 -0 0 1
63 63 0
-0.348815 -0.121004 -0.929347 1.01708
-0.0212283 -0.990355 0.136916 -0.0365817
-0.936951 0.0674866 0.342882 -0.805418
-0 -0 0 1
64 64 0
-0.42513 -0.123092 -0.896723 1.05403
-0.0330643 -0.987937 0.151288 -0.0374411
-0.904528 0.0939666 0.415932 -0.886561
-0 -0 0 1
65 65 0
-0.368219 -0.211895 -0.905271 1.09989
-0.0234571 -0.971255 0.236881 -0.033806
-0.929443 0.108459 0.352665 -0.948701
-0 -0 0 1
66 66 0
-0.422195 -0.215452 -0.880529 1.12913
-0.0144452 -0.969623 0.244178 -0.040127
-0.90639 0.11581 0.406258 -1.02895
-0 -0 0 1
67 67 0
-0.540604 -0.202025 -0.81666 1.12793
-0.0155581 -0.968171 0.249804 -0.0404005
-0.841134 0.147751 0.520254 -1.10157
-0 -0 0 1
68 68 0
-0.574033 -0.213513 -0.790505 1.13244
-0.0341579 -0.958321 0.283643 -0.0431469
-0.818119 0.189823 0.542815 -1.18564
-0 -0 0 1
69 69 0
-0.63692 -0.157841 -0.754599 1.154
-0.035323 -0.971813 0.23309 -0.0284005
-0.77012 0.175114 0.613392 -1.26844
-0 -0 0 1
70 70 0
-0.668623 -0.131473 -0.731886 1.16802
-0.0400293 -0.976455 0.211975 -0.0313071
-0.742523 0.171029 0.647618 -1.35635
-0 -0 0 1
71 71 0
-0.726962 -0.0899645 -0.680759 1.18489
-0.0394292 -0.984276 0.17218 -0.0350258
-0.685545 0.15201 0.711984 -1.44619
-0 -0 0 1
72 72 0
-0.7378 -0.0671309 -0.671673 1.18457
-0.0400448 -0.988937 0.142827 -0.037959
-0.67383 0.132275 0.72695 -1.54059
-0 -0 0 1
73 73 0
-0.806638 -0.0623646 -0.587746 1.1789
-0.0259078 -0.989731 0.140575 -0.0364825
-0.590477 0.12862 0.796739 -1.62801
-0 -0 0 1
74 74 0
-0.879716 -0.0474381 -0.473127 1.15646
-0.0177058 -0.991053 0.132289 -0.0218453
-0.475169 0.124754 0.871005 -1.67516
-0 -0 0 1
75 75 0
-0.945564 -0.0294494 -0.324101 1.12038
-0.012686 -0.991805 0.127132 -0.00619685
-0.325189 0.124323 0.937441 -1.71126
-0 -0 0 1
76 76 0
-0.998506 -0.00049063 -0.0546349 1.05242
-0.00557029 -0.993835 0.110727 -0.00103955
-0.0543524 0.110866 0.992348 -1.72266
-0 -0 0 1
77 77 0
-0.996536 0.00898812 -0.0826774 0.982992
-0.0189703 -0.992501 0.120757 0.00318419
-0.080972 0.121907 0.989233 -1.69421
-0 -0 0 1
78 78 0
-0.933414 -0.0756847 -0.350729 0.983613
-0.0275114 -0.959525 0.280276 0.00743151
-0.357746 0.271262 0.893552 -1.68906
-0 -0 0 1
79 79 0
-0.94338 -0.12482 -0.307335 0.959747
-0.0141305 -0.91054 0.413179 0.00655975
-0.331414 0.394127 0.857221 -1.67993
-0 -0 0 1
80 80 0
-0.997592 -0.0011406 -0.0693502 0.897011
-0.0277658 -0.909686 0.414368 0.00381651
-0.0635596 0.415296 0.907463 -1.61665
-0 -0 0 1
81 81 0
-0.994573 0.021335 -0.101831 0.826706
-0.0555623 -0.93641 0.346481 -0.000927747
-0.0879633 0.350259 0.932513 -1.55201
-0 -0 0 1
82 82 0
-0.977106 0.0301087 -0.210611 0.751507
-0.0726721 -0.977627 0.197394 -0.00497223
-0.199956 0.20818 0.957433 -1.48745
-0 -0 0 1
83 83 0
-0.870928 0.048771 -0.488985 0.691573
-0.0882565 -0.994407 0.0580117 -0.00834518
-0.483421 0.0936801 0.870361 -1.424
-0 -0 0 1
84 84 0
-0.834771 0.048177 -0.548485 0.671966
-0.0664818 -0.997696 0.0135485 -0.0129862
-0.546568 0.0477742 0.836051 -1.35237
-0 -0 0 1
85 85 0
-0.944597 0.0238701 -0.327363 0.657961
-0.0319228 -0.999305 0.0192467 -0.0195822
-0.326676 0.0286307 0.944703 -1.27824
-0 -0 0 1
86 86 0
-0.943067 0.00455086 -0.332571 0.635984
-0.0182686 -0.999106 0.0381323 -0.003192
-0.332101 0.0420369 0.942307 -1.22549
-0 -0 0 1
87 87 0
-0.880736 -0.0684005 -0.468643 0.610827
-0.0221201 -0.982495 0.184971 0.0191785
-0.473091 0.173277 0.863805 -1.1927
-0 -0 0 1
88 88 0
-0.826476 -0.130896 -0.547543 0.574016
-0.0274537 -0.962066 0.271431 0.0354381
-0.562302 0.239364 0.791531 -1.16118
-0 -0 0 1
89 89 0
-0.797602 -0.190629 -0.572269 0.523925
-0.0346539 -0.932698 0.35899 0.0423771
-0.602188 0.306162 0.737316 -1.0925
-0 -0 0 1
90 90 0
-0.778792 -0.201913 -0.593897 0.457899
-0.053825 -0.921777 0.383967 0.0387604
-0.624968 0.330997 0.707005 -1.03381
-0 -0 0 1
91 91 0
-0.83192 -0.110167 -0.54385 0.403173
-0.0591395 -0.956908 0.284305 0.0327069
-0.551735 0.268682 0.789556 -0.97577
-0 -0 0 1
92 92 0
-0.822475 0.0168791 -0.56855 0.337967
-0.0855506 -0.99186 0.0943129 0.0245249
-0.56233 0.12621 0.817225 -0.939857
-0 -0 0 1
93 93 0
-0.860124 0.0851819 -0.502922 0.332497
-0.0777551 -0.996331 -0.0357715 0.0209079
-0.504124 0.00833692 0.863591 -0.956252
-0 -0 0 1
94 94 0
-0.996304 0.0471077 -0.0718209 0.337779
-0.0428821 -0.99732 -0.0592829 0.0185429
-0.0744211 -0.055984 0.995654 -1.00507
-0 -0 0 1
95 95 0
-0.754515 -0.0721272 0.652307 0.333024
0.00750017 -0.994825 -0.101325 0.0172728
0.65624 -0.0715587 0.751152 -1.01401
-0 -0 0 1
96 96 0
0.263712 -0.148705 0.95307 0.359339
0.0201685 -0.98698 -0.159576 0.0208655
0.964391 0.0613041 -0.257279 -0.982796
-0 -0 0 1
97 97 0
0.657175 -0.0304103 0.753124 0.321511
0.0717276 -0.992128 -0.10265 0.0254638
0.750317 0.121479 -0.649821 -0.915749
-0 -0 0 1
98 98 0
0.693243 0.0364934 0.719779 0.259245
0.111421 -0.992137 -0.0570115 0.0304264
0.712039 0.119722 -0.691858 -0.844952
-0 -0 0 1
99 99 0
0.24093 0.0638198 0.968442 0.177063
0.112231 -0.992974 0.0375155 0.0256815
0.964032 0.0996502 -0.2464 -0.836281
-0 -0 0 1
100 100 0
-0.350837 0.0783911 0.93315 0.135936
0.0515539 -0.993362 0.102832 0.00715843
0.935016 0.0841848 0.344467 -0.856873
-0 -0 0 1
101 101 0
-0.550486 0.0571452 0.832886 0.0971621
0.0275213 -0.99587 0.0865175 0.00201226
0.83439 0.0705488 0.54664 -0.878881
-0 -0 0 1
102 102 0
-0.731113 0.297564 0.613946 0.0715702
0.0130369 -0.893618 0.448639 0.00662756
0.682132 0.33601 0.649457 -0.926286
-0 -0 0 1
103 103 0
-0.930004 0.278575 0.239768 0.0970607
-0.0264323 -0.701343 0.712333 0.0141766
0.366598 0.656135 0.659615 -0.95848
-0 -0 0 1
104 104 0
-0.994631 0.0236512 -0.100748 0.127018
-0.0944688 -0.604982 0.790615 0.0105266
-0.0422519 0.795887 0.603968 -1.02459
-0 -0 0 1
105 105 0
-0.984203 -0.0566378 -0.167742 0.178502
-0.0982957 -0.613205 0.783784 0.0101121
-0.147252 0.787891 0.597951 -1.08908
-0 -0 0 1
106 106 0
-0.956274 -0.166506 -0.240448 0.231159
-0.0793245 -0.643651 0.761197 0.00746022
-0.281509 0.746986 0.602299 -1.14838
-0 -0 0 1
107 107 0
-0.805679 -0.353738 -0.475132 0.279177
-0.0758691 -0.73388 0.675029 -0.00157198
-0.587473 0.579905 0.564434 -1.21268
-0 -0 0 1
108 108 0
-0.692431 -0.278506 -0.665563 0.340728
-0.0752894 -0.889562 0.450567 -0.0043974
-0.717545 0.362097 0.594992 -1.274
-0 -0 0 1
109 109 0
-0.609754 -0.244894 -0.753808 0.401829
-0.0550446 -0.935688 0.348508 -0.00766425
-0.790677 0.253997 0.55706 -1.32188
-0 -0 0 1
110 110 0
-0.544395 -0.19795 -0.815138 0.456015
-0.0471158 -0.963007 0.265325 -0.00725176
-0.837505 0.182848 0.51493 -1.35899
-0 -0 0 1
111 111 0
-0.537061 -0.199349 -0.819649 0.494532
-0.0285667 -0.966819 0.253861 -0.00661581
-0.843059 0.159753 0.513546 -1.39367
-0 -0 0 1
112 112 0
-0.647983 -0.172725 -0.741811 0.506128
-0.029962 -0.967412 0.251427 -0.00757965
-0.761065 0.185147 0.621692 -1.45002
-0 -0 0 1
113 113 0
-0.712294 -0.164662 -0.682293 0.503761
-0.028832 -0.964407 0.262846 0.00205245
-0.701288 0.206896 0.682194 -1.49197
-0 -0 0 1
114 114 0
-0.834171 -0.188635 -0.518243 0.466748
-0.0060121 -0.93652 0.350561 9.47635e-05
-0.551473 0.295544 0.780084 -1.52514
-0 -0 0 1
115 115 0
-0.990939 0.0474536 0.125651 0.446902
0.00451133 -0.923221 0.384244 -0.00644877
0.134237 0.381329 0.914641 -1.56233
-0 -0 0 1
116 116 0
-0.965387 0.0894396 0.245008 0.435123
0.00621721 -0.931209 0.364433 -0.0234125
0.260748 0.353342 0.898421 -1.612
-0 -0 0 1
117 117 0
-0.974019 0.0643684 0.217128 0.425377
0.00501687 -0.952389 0.304845 -0.0241042
0.226412 0.298014 0.927321 -1.67834
-0 -0 0 1
118 118 0
-0.988456 0.0368674 0.146954 0.421226
0.000515526 -0.969118 0.246597 -0.0282406
0.151508 0.243826 0.957912 -1.7373
-0 -0 0 1
119 119 0
-0.98937 0.0211335 0.143877 0.389714
-0.00411852 -0.993059 0.117545 -0.0233937
0.145363 0.115703 0.98259 -1.7679
-0 -0 0 1
120 120 0
-0.998688 0.00464055 0.0509951 0.368672
0.00655052 -0.976125 0.217113 -0.0238168
0.0507851 0.217162 0.974814 -1.78945
-0 -0 0 1
121 121 0
-0.999477 -0.018891 -0.0262462 0.29916
0.00745072 -0.924316 0.381556 -0.0202571
-0.0314678 0.381161 0.923973 -1.81606
-0 -0 0 1
122 122 0
-0.998627 -0.028184 -0.0441632 0.216665
0.0073975 -0.910379 0.41371 -0.026218
-0.0518653 0.412815 0.909337 -1.83197
-0 -0 0 1
123 123 0
-0.99483 0.0171389 0.100096 0.133942
0.0263907 -0.908161 0.417788 -0.0227247
0.0980641 0.41827 0.903014 -1.79328
-0 -0 0 1
124 124 0
-0.971851 0.0864511 0.219163 0.0347896
0.0169668 -0.902145 0.431098 -0.0254793
0.234986 0.422682 0.875284 -1.75801
-0 -0 0 1
125 125 0
-0.891016 0.177364 0.417891 -0.0650403
0.0271846 -0.898023 0.439107 -0.0288617
0.453158 0.402611 0.795331 -1.73122
-0 -0 0 1
126 126 0
-0.843047 0.228774 0.486759 -0.16518
0.0123135 -0.896578 0.442714 -0.0313575
0.537699 0.379222 0.753041 -1.68369
-0 -0 0 1
127 127 0
-0.806532 0.257704 0.532066 -0.269757
0.00431943 -0.897399 0.441199 -0.0348644
0.591174 0.358139 0.722668 -1.63458
-0 -0 0 1
128 128 0
-0.624227 0.307294 0.718269 -0.356067
0.0415855 -0.90502 0.423332 -0.0360866
0.780135 0.294125 0.552159 -1.57084
-0 -0 0 1
129 129 0
-0.702307 0.283095 0.653163 -0.442867
0.0270981 -0.90623 0.421916 -0.031084
0.711358 0.314014 0.62878 -1.4976
-0 -0 0 1
130 130 0
-0.914711 0.182342 0.36063 -0.530423
-0.0113629 -0.903664 0.428091 -0.0307609
0.403948 0.387482 0.828664 -1.42842
-0 -0 0 1
131 131 0
-0.935844 0.158635 0.314692 -0.611693
0.00113521 -0.891597 0.452828 -0.0247179
0.352413 0.424134 0.834216 -1.36249
-0 -0 0 1
132 132 0
-0.909872 0.209398 0.35817 -0.676739
-0.00504791 -0.868813 0.495114 -0.0238125
0.414859 0.448683 0.791566 -1.29185
-0 -0 0 1
133 133 0
-0.868052 0.291208 0.402099 -0.740328
0.00704027 -0.802609 0.596464 -0.0221813
0.496423 0.520593 0.694656 -1.22386
-0 -0 0 1
134 134 0
-0.893886 0.287412 0.344037 -0.829651
-0.0208001 -0.793201 0.608604 -0.0231062
0.447811 0.536867 0.71501 -1.15393
-0 -0 0 1
135 135 0
-0.87134 0.304488 0.384777 -0.90594
-0.00469653 -0.789311 0.613976 -0.0226693
0.490657 0.533175 0.689188 -1.08937
-0 -0 0 1
136 136 0
-0.740638 0.402543 0.537973 -1.00401
0.00804134 -0.7953 0.606162 -0.0245962
0.671856 0.453273 0.585792 -1.04997
-0 -0 0 1
137 137 0
-0.728267 0.375772 0.573082 -1.10015
0.00271139 -0.834671 0.550742 -0.0275546
0.685288 0.402641 0.606844 -1.00555
-0 -0 0 1
138 138 0
-0.632336 0.379577 0.675332 -1.17796
0.0194697 -0.863678 0.503669 -0.0285844
0.77445 0.331636 0.538744 -0.939225
-0 -0 0 1
139 139 0
-0.585179 0.382877 0.714822 -1.24919
0.0184254 -0.875007 0.48376 -0.0321138
0.810695 0.296257 0.504981 -0.863291
-0 -0 0 1
140 140 0
-0.396686 0.395981 0.828154 -1.32228
0.0609811 -0.888813 0.454195 -0.0282082
0.915927 0.230674 0.328432 -0.803946
-0 -0 0 1
141 141 0
-0.251098 0.40992 0.876878 -1.38705
0.0678515 -0.896219 0.438391 -0.0284532
0.965581 0.169577 0.197225 -0.728447
-0 -0 0 1
142 142 0
-0.300016 0.40311 0.864576 -1.45987
0.0664962 -0.895285 0.440503 -0.0323208
0.951614 0.189649 0.241795 -0.65278
-0 -0 0 1
143 143 0
-0.380905 0.375782 0.844807 -1.54096
0.0585871 -0.902041 0.427656 -0.0380308
0.922756 0.212391 0.321576 -0.585688
-0 -0 0 1
144 144 0
-0.461095 0.359539 0.811248 -1.60411
0.055108 -0.900868 0.43058 -0.041636
0.885638 0.243245 0.395573 -0.514748
-0 -0 0 1
145 145 0
-0.495277 0.372238 0.784946 -1.64762
0.0654099 -0.885007 0.460961 -0.0348864
0.866269 0.279646 0.413975 -0.436962
-0 -0 0 1
146 146 0
-0.243377 0.442461 0.863132 -1.70227
0.0806985 -0.877566 0.472615 -0.0264849
0.966569 0.184677 0.177873 -0.363996
-0 -0 0 1
147 147 0
-0.0960485 0.452042 0.886811 -1.76029
0.0867521 -0.883738 0.459871 -0.0305912
0.991589 0.121103 0.0456661 -0.283328
-0 -0 0 1
148 148 0
-0.187009 0.437476 0.879569 -1.82223
0.0790719 -0.885756 0.457365 -0.0317953
0.979171 0.155081 0.131052 -0.202086
-0 -0 0 1
149 149 0
-0.202906 0.406512 0.89083 -1.88552
0.0862536 -0.898798 0.429794 -0.00522096
0.975392 0.164045 0.147308 -0.115469
-0 -0 0 1
150 150 0
-0.22532 0.379739 0.897234 -1.94378
0.0728145 -0.911777 0.40418 -0.00548729
0.97156 0.156402 0.177791 -0.0245298
-0 -0 0 1
151 151 0
-0.238747 0.37068 0.89755 -1.98382
0.0776754 -0.914027 0.398146 -0.00482397
0.96797 0.164774 0.189428 0.0624425
-0 -0 0 1
152 152 0
-0.233259 0.364909 0.90135 -2.02346
0.0822546 -0.916193 0.392205 -0.00953643
0.968929 0.165625 0.183695 0.155917
-0 -0 0 1
153 153 0
-0.295298 0.360445 0.884804 -2.04117
0.0719682 -0.91508 0.396798 -0.0152967
0.952691 0.180852 0.244281 0.25616
-0 -0 0 1
154 154 0
-0.117395 0.346095 0.930826 -2.0233
0.100637 -0.928336 0.357861 0.00507973
0.987973 0.135686 0.0741519 0.347615
-0 -0 0 1
155 155 0
0.181735 0.34473 0.920942 -1.97471
0.109656 -0.937801 0.329402 0.00839556
0.977214 0.0411227 -0.208233 0.404088
-0 -0 0 1
156 156 0
0.188162 0.456541 0.869577 -1.91209
0.0873034 -0.889662 0.448195 0.012575
0.97825 -0.00841642 -0.207259 0.458117
-0 -0 0 1
157 157 0
0.0252532 0.438968 0.898148 -1.86404
0.0657288 -0.89722 0.436666 0.0138644
0.997518 0.048007 -0.0515105 0.517707
-0 -0 0 1
158 158 0
-0.102561 0.380209 0.919196 -1.80475
0.0770977 -0.918251 0.388421 0.012495
0.991734 0.110705 0.0648639 0.576823
-0 -0 0 1
159 159 0
0.0191386 0.330154 0.943733 -1.74156
0.101496 -0.939671 0.326675 0.0125971
0.994652 0.0895333 -0.0514934 0.617505
-0 -0 0 1
160 160 0
0.380358 0.215319 0.899425 -1.68833
0.10493 -0.976288 0.189345 0.00813681
0.918868 0.0223581 -0.393932 0.663735
-0 -0 0 1
161 161 0
0.470329 0.123935 0.873745 -1.67261
0.0920296 -0.991579 0.0911098 0.0168611
0.877679 0.0375588 -0.477774 0.742741
-0 -0 0 1
162 162 0
0.386176 -0.0267211 0.922038 -1.70459
0.0970521 -0.992855 -0.0694217 0.0140658
0.917305 0.116295 -0.380824 0.827197
-0 -0 0 1
163 163 0
0.251321 -0.171868 0.952523 -1.70549
0.110624 -0.97256 -0.204671 0.0151154
0.961561 0.15681 -0.225412 0.91051
-0 -0 0 1
164 164 0
0.224957 -0.196319 0.954386 -1.65629
0.130645 -0.96457 -0.229208 0.0145787
0.96557 0.176248 -0.191339 0.954909
-0 -0 0 1
165 165 0
0.204468 -0.159884 0.965728 -1.61272
0.144114 -0.970903 -0.191253 0.0136458
0.968206 0.17828 -0.175478 0.952614
-0 -0 0 1
166 166 0
0.459644 0.275682 0.844231 -1.61068
0.168653 -0.960398 0.221793 0.0155501
0.871942 0.0404365 -0.487936 0.953094
-0 -0 0 1
167 167 0
0.49179 0.553276 0.67233 -1.60047
0.154132 -0.815283 0.558172 0.017378
0.856963 -0.170876 -0.486226 0.947848
-0 -0 0 1
168 168 0
0.589096 0.528388 0.611369 -1.54407
0.114415 -0.803505 0.584199 0.0103582
0.799922 -0.2742 -0.533797 0.913146
-0 -0 0 1
169 169 0
0.675601 0.404857 0.616161 -1.47558
0.0734783 -0.868549 0.490126 0.00306724
0.733597 -0.285855 -0.616541 0.856043
-0 -0 0 1
170 170 0
0.627805 0.390995 0.67304 -1.39533
0.0604728 -0.886566 0.458632 0.00506929
0.776018 -0.247231 -0.580235 0.806876
-0 -0 0 1
171 171 0
0.7164 0.358622 0.598466 -1.31704
0.059436 -0.886034 0.459795 0.0241061
0.695154 -0.293826 -0.656069 0.796753
-0 -0 0 1
172 172 0
0.84592 0.216807 0.487251 -1.26082
0.0465206 -0.940152 0.337564 0.0416856
0.531277 -0.262885 -0.80538 0.781777
-0 -0 0 1
173 173 0
0.849037 0.0336158 0.527263 -1.20075
0.0169236 -0.999192 0.0364522 0.0449344
0.528063 -0.022026 -0.84892 0.728267
-0 -0 0 1
174 174 0
0.841684 0.0177229 0.53968 -1.1544
0.043994 -0.998389 -0.0358262 0.0433747
0.538175 0.0538969 -0.841108 0.657866
-0 -0 0 1
175 175 0
0.808656 0.0429269 0.586714 -1.10422
0.0753252 -0.99668 -0.0308972 0.0419282
0.58344 0.0691795 -0.809205 0.601169
-0 -0 0 1
176 176 0
0.769455 0.0394679 0.637481 -1.04604
0.0971414 -0.993709 -0.0557291 0.0420726
0.631271 0.104807 -0.768448 0.562378
-0 -0 0 1
177 177 0
0.792337 0.0322855 0.609229 -0.991509
0.110992 -0.989562 -0.0919105 0.0444683
0.599903 0.140444 -0.78765 0.561542
-0 -0 0 1
178 178 0
0.987258 0.074472 0.140628 -0.983883
0.099872 -0.977984 -0.183228 0.0467017
0.123886 0.194938 -0.97296 0.580573
-0 -0 0 1
179 179 0
0.98214 0.123604 0.141858 -1.02739
0.142582 -0.980875 -0.132494 0.045535
0.122768 0.150354 -0.98098 0.578317
-0 -0 0 1
180 180 0
0.856664 0.105587 0.504954 -1.11124
0.151119 -0.987253 -0.0499388 0.0415782
0.493244 0.119089 -0.861701 0.604801
-0 -0 0 1
181 181 0
0.621877 0.0725642 0.779746 -1.20022
0.122442 -0.992462 -0.00529197 0.0381738
0.773484 0.0987642 -0.626074 0.638655
-0 -0 0 1
182 182 0
0.466483 0.0600381 0.88249 -1.27852
0.0925642 -0.995529 0.0187992 0.0411444
0.879673 0.0729175 -0.469955 0.693307
-0 -0 0 1
183 183 0
0.43636 0.0521149 0.898262 -1.3199
0.0877766 -0.996025 0.0151466 0.0234924
0.89548 0.072237 -0.4392 0.735211
-0 -0 0 1
184 184 0
0.476456 0.0522823 0.877642 -1.34923
0.0923003 -0.995689 0.00920634 0.00264768
0.87434 0.0766202 -0.479228 0.772394
-0 -0 0 1
185 185 0
0.525791 0.055265 0.848817 -1.37269
0.0919421 -0.995733 0.00787781 -0.0117179
0.84563 0.0738999 -0.528629 0.81716
-0 -0 0 1
186 186 0
0.57847 0.0679772 0.812866 -1.38714
0.0925958 -0.995552 0.0173595 -0.0190451
0.810431 0.065226 -0.582192 0.877297
-0 -0 0 1
187 187 0
0.674113 0.0679336 0.735497 -1.40878
0.0937602 -0.995577 0.00602048 -0.0178099
0.732653 0.0649019 -0.677501 0.933957
-0 -0 0 1
188 188 0
0.78483 0.0667944 0.616101 -1.4194
0.0889892 -0.996018 -0.00537716 -0.0104567
0.613289 0.0590465 -0.787648 1.03249
-0 -0 0 1
189 189 0
0.903957 0.0662539 0.422459 -1.41671
0.0797362 -0.996713 -0.0143017 -0.00532993
0.420123 0.0466134 -0.906269 1.13145
-0 -0 0 1
190 190 0
0.877865 0.0720607 0.473456 -1.42518
0.0796939 -0.996812 0.00395071 -0.00211526
0.472231 0.0342633 -0.880809 1.23568
-0 -0 0 1
191 191 0
0.88056 0.070797 0.468616 -1.42551
0.0793431 -0.996846 0.0015093 -0.000607651
0.467245 0.0358525 -0.8834 1.33628
-0 -0 0 1
192 192 0
0.905371 0.0750585 0.417935 -1.40638
0.0790148 -0.996842 0.00785727 -0.000291206
0.417205 0.0259093 -0.908443 1.40836
-0 -0 0 1
193 193 0
0.911249 0.0979235 0.400045 -1.35832
0.0782774 -0.994797 0.0652021 -0.021865
0.404349 -0.0281008 -0.914173 1.44744
-0 -0 0 1
194 194 0
0.97453 0.0952153 0.203041 -1.2893
0.0752082 -0.99172 0.104089 -0.00137344
0.211271 -0.0861676 -0.973622 1.47486
-0 -0 0 1
195 195 0
0.97469 0.120329 0.188414 -1.20137
0.0651654 -0.959112 0.275421 0.0082641
0.213852 -0.256172 -0.942679 1.48594
-0 -0 0 1
196 196 0
0.991878 0.0946881 0.0849242 -1.11243
0.0630225 -0.945827 0.318495 0.00893492
0.110481 -0.310556 -0.944113 1.4775
-0 -0 0 1
197 197 0
0.999273 0.0361315 -0.0122016 -1.03283
0.0380657 -0.964441 0.261541 -0.00231085
-0.00231786 -0.261815 -0.965115 1.42646
-0 -0 0 1
198 198 0
0.999365 -0.000941257 -0.0356329 -0.958599
0.00339981 -0.992577 0.121571 -0.0111652
-0.0354828 -0.121615 -0.991943 1.36804
-0 -0 0 1
199 199 0
0.99985 0.00273299 0.0171106 -0.88127
0.00229293 -0.999667 0.0256856 -0.0128198
0.0171751 -0.0256426 -0.999524 1.2903
-0 -0 0 1
200 200 0
0.981632 0.0255776 0.189063 -0.802603
0.0241031 -0.999659 0.0100945 -0.0129564
0.189257 -0.00535208 -0.981913 1.21638
-0 -0 0 1
201 201 0
0.935567 0.0436481 0.35044 -0.730472
0.0461845 -0.998932 0.00112073 -0.0138131
0.350115 0.0151364 -0.936584 1.13811
-0 -0 0 1
202 202 0
0.954994 0.0896735 0.282747 -0.666177
0.0670158 -0.99379 0.0888319 0.000178876
0.288957 -0.0658854 -0.955072 1.06255
-0 -0 0 1
203 203 0
0.980935 0.132783 0.141896 -0.601392
0.083647 -0.947557 0.308447 0.00662756
0.175411 -0.290697 -0.940599 0.991002
-0 -0 0 1
204 204 0
0.992147 0.119347 0.0374303 -0.543034
0.0877203 -0.877246 0.471958 0.00709756
0.0891625 -0.464968 -0.880826 0.922706
-0 -0 0 1
205 205 0
0.979437 -0.0699459 -0.189239 -0.493181
0.0467616 -0.833734 0.550183 0.00424347
-0.196258 -0.547718 -0.813319 0.851222
-0 -0 0 1
206 206 0
0.686651 -0.395291 -0.610127 -0.460121
-0.000485462 -0.839504 0.543354 0.0031016
-0.726987 -0.372798 -0.576638 0.799736
-0 -0 0 1
207 207 0
0.376533 -0.457835 -0.805363 -0.440532
-0.0385094 -0.876328 0.480173 -0.00700927
-0.925602 -0.149787 -0.347597 0.732413
-0 -0 0 1
208 208 0
0.12292 -0.330528 -0.935757 -0.376835
-0.0669858 -0.943521 0.324471 -0.0119935
-0.990153 0.0227984 -0.138118 0.69305
-0 -0 0 1
209 209 0
-0.0206677 -0.194355 -0.980713 -0.291728
-0.0714082 -0.978131 0.195348 -0.0147323
-0.997233 0.0740684 0.00633716 0.653102
-0 -0 0 1
210 210 0
0.0470512 -0.193351 -0.980001 -0.198913
-0.0615403 -0.979785 0.190354 -0.0126081
-0.996995 0.0513532 -0.0579989 0.626762
-0 -0 0 1
211 211 0
0.117913 -0.16451 -0.979302 -0.113579
-0.0497932 -0.985921 0.159627 -0.00578195
-0.991775 0.0299405 -0.124444 0.61409
-0 -0 0 1
212 212 0
0.497987 -0.10537 -0.860759 -0.0394476
-0.0432192 -0.994373 0.0967217 -0.00337746
-0.866107 -0.0109648 -0.499738 0.584449
-0 -0 0 1
213 213 0
0.77703 -0.0705179 -0.625502 0.012668
-0.000224323 -0.993736 0.111753 0.00748824
-0.629464 -0.0866953 -0.772178 0.56008
-0 -0 0 1
214 214 0
0.74567 -0.216142 -0.630284 0.0632759
0.0396774 -0.929843 0.365811 0.0122907
-0.665132 -0.297782 -0.684781 0.53491
-0 -0 0 1
215 215 0
0.794342 -0.313837 -0.520123 0.118867
0.0301553 -0.834783 0.549753 0.0245759
-0.606722 -0.452376 -0.653639 0.509901
-0 -0 0 1
216 216 0
0.84822 -0.351238 -0.396427 0.166184
0.0115656 -0.736017 0.676864 0.029081
-0.529518 -0.578715 -0.620242 0.482153
-0 -0 0 1
217 217 0
0.976475 -0.122604 -0.177385 0.215297
0.0105299 -0.794535 0.607128 0.0292026
-0.215374 -0.594713 -0.774552 0.456338
-0 -0 0 1
218 218 0
0.993619 -0.0350516 -0.107208 0.262388
0.00857983 -0.924246 0.3817 0.0257153
-0.112466 -0.380184 -0.918048 0.415853
-0 -0 0 1
219 219 0
0.956754 -0.0435941 -0.287612 0.290643
0.0201436 -0.976405 0.215005 0.0175006
-0.290199 -0.2115 -0.933302 0.360854
-0 -0 0 1
220 220 0
0.96281 -0.00949065 -0.270014 0.278911
0.0391203 -0.983954 0.174079 0.0154216
-0.267334 -0.178168 -0.946989 0.269978
-0 -0 0 1
221 221 0
0.978367 0.0500246 -0.200738 0.26076
0.0500731 -0.998734 -0.00483952 0.00910031
-0.200726 -0.00531675 -0.979633 0.182315
-0 -0 0 1
222 222 0
0.968624 0.0398114 -0.24532 0.265541
0.0656088 -0.993031 0.0978981 0.0129329
-0.239713 -0.110922 -0.964486 0.0941993
-0 -0 0 1
223 223 0
0.949909 -0.0643445 -0.305831 0.252831
0.105098 -0.855816 0.506491 0.0135007
-0.294325 -0.513263 -0.806185 0.0287456
-0 -0 0 1
224 224 0
0.845925 -0.258903 -0.466241 0.223038
0.0706572 -0.812135 0.579175 0.00853931
-0.528601 -0.522882 -0.668712 -0.053521
-0 -0 0 1
225 225 0
0.711341 -0.459694 -0.531671 0.178896
0.0417116 -0.72751 0.684828 0.0253656
-0.701608 -0.509323 -0.498333 -0.10104
-0 -0 0 1
226 226 0
0.551771 -0.615006 -0.563309 0.132411
0.00567174 -0.672651 0.739938 0.0412998
-0.833977 -0.411471 -0.367661 -0.114858
-0 -0 0 1
227 227 0
0.532475 -0.705772 -0.467286 0.0688887
-0.010206 -0.557369 0.830202 0.0554993
-0.846384 -0.437293 -0.303988 -0.113342
-0 -0 0 1
228 228 0
0.461918 -0.821395 -0.334577 0.0203626
-0.0270175 -0.390089 0.92038 0.0565377
-0.886511 -0.416101 -0.202381 -0.0688386
-0 -0 0 1
229 229 0
0.588015 -0.782606 -0.204368 -0.0339008
-0.0267829 -0.271365 0.962104 0.0591752
-0.808406 -0.560258 -0.180527 -0.0205161
-0 -0 0 1
230 230 0
0.802778 -0.574497 -0.159689 -0.0909757
-0.0026307 -0.271219 0.962514 0.0607055
-0.596272 -0.772265 -0.21924 0.0442783
-0 -0 0 1
231 231 0
0.830723 -0.534087 -0.157001 -0.131547
0.00980366 -0.267949 0.963383 0.0632862
-0.556599 -0.801844 -0.217356 0.118586
-0 -0 0 1
232 232 0
0.894645 -0.410587 -0.176148 -0.171911
0.0265856 -0.344641 0.938358 0.0513725
-0.445985 -0.844181 -0.297416 0.166696
-0 -0 0 1
233 233 0
0.989224 -0.0908676 -0.114797 -0.19741
0.0530469 -0.508364 0.859507 0.0469885
-0.13646 -0.856335 -0.498066 0.196247
-0 -0 0 1
234 234 0
0.996553 0.0804603 -0.0202098 -0.208255
0.0683402 -0.658099 0.749824 0.0445909
0.047031 -0.74862 -0.661329 0.233883
-0 -0 0 1
235 235 0
0.991878 0.125523 0.0205642 -0.219865
0.0783717 -0.730443 0.678462 0.0236125
0.100183 -0.67134 -0.734348 0.284579
-0 -0 0 1
236 236 0
0.988875 0.14171 0.0452147 -0.199404
0.0814425 -0.770168 0.63262 0.0127146
0.124471 -0.6219 -0.773141 0.33905
-0 -0 0 1
237 237 0
0.995753 0.0426611 -0.0815866 -0.172642
0.0751243 -0.888774 0.452147 0.0097561
-0.053223 -0.456356 -0.888204 0.379793
-0 -0 0 1
238 238 0
0.987204 0.135143 0.0846394 -0.159422
0.0970897 -0.930475 0.353256 0.00761894
0.126495 -0.340518 -0.93169 0.407555
-0 -0 0 1
239 239 0
0.838012 0.276134 0.470622 -0.212944
0.120737 -0.934955 0.333588 0.00673028
0.532126 -0.222729 -0.816844 0.423878
-0 -0 0 1
240 240 0
0.781827 0.300648 0.546221 -0.276548
0.130419 -0.93554 0.328261 0.0027351
0.609702 -0.185405 -0.770641 0.420069
-0 -0 0 1
241 241 0
0.747842 0.476345 0.462414 -0.318436
0.155137 -0.802644 0.575929 -0.0194996
0.645495 -0.358967 -0.67415 0.41266
-0 -0 0 1
242 242 0
0.724026 0.547669 0.419339 -0.369344
0.164751 -0.727648 0.665872 -0.0270877
0.669809 -0.413022 -0.617065 0.43216
-0 -0 0 1
243 243 0
0.791002 0.474552 0.386156 -0.399635
0.147926 -0.760783 0.631923 -0.0284363
0.593662 -0.442729 -0.67198 0.499969
-0 -0 0 1
244 244 0
0.921006 0.294213 0.255318 -0.386125
0.127461 -0.846944 0.516178 -0.0288243
0.368107 -0.44286 -0.817541 0.579985
-0 -0 0 1
245 245 0
0.984835 0.149424 0.0881591 -0.37676
0.101388 -0.908033 0.406445 -0.0228907
0.140784 -0.391343 -0.909412 0.664612
-0 -0 0 1
246 246 0
0.991699 0.127868 0.0135469 -0.360961
0.112608 -0.914511 0.388574 0.00365135
0.062075 -0.383823 -0.921318 0.721103
-0 -0 0 1
247 247 0
0.988278 0.145093 0.0474774 -0.375972
0.119704 -0.9295 0.348858 0.00518745
0.0947469 -0.339085 -0.935972 0.768237
-0 -0 0 1
248 248 0
0.987938 0.140944 0.064138 -0.396588
0.112681 -0.938435 0.326561 0.0145397
0.106216 -0.315394 -0.942998 0.809814
-0 -0 0 1
249 249 0
0.993972 0.106618 -0.0255243 -0.341993
0.108976 -0.935488 0.336134 0.00738748
0.0119602 -0.336889 -0.941468 0.772175
-0 -0 0 1
250 250 0
0.832314 -0.128563 -0.539189 -0.293164
0.0503162 -0.951192 0.30447 0.0125011
-0.552016 -0.280545 -0.785222 0.731547
-0 -0 0 1
251 251 0
0.67497 -0.223728 -0.703108 -0.201475
0.036482 -0.941636 0.334649 0.0193382
-0.736942 -0.251529 -0.627415 0.709615
-0 -0 0 1
252 252 0
0.811578 -0.16159 -0.561453 -0.110957
0.0577771 -0.934082 0.352352 0.0231161
-0.58138 -0.3184 -0.748745 0.735426
-0 -0 0 1
253 253 0
0.849229 -0.131889 -0.511288 -0.0450955
0.0673735 -0.933323 0.35266 -0.00172314
-0.523709 -0.333936 -0.783719 0.778079
-0 -0 0 1
254 254 0
0.867567 -0.113588 -0.484174 0.0435374
0.0729131 -0.933996 0.349766 -0.0040821
-0.491946 -0.338748 -0.802022 0.816583
-0 -0 0 1
255 255 0
0.862234 -0.107378 -0.494998 0.13732
0.0803372 -0.935907 0.342962 -0.00450493
-0.500099 -0.33548 -0.798344 0.857939
-0 -0 0 1
256 256 0
0.715566 -0.189916 -0.672233 0.227963
0.0489474 -0.946336 0.319457 -0.00829917
-0.696828 -0.261497 -0.66787 0.88725
-0 -0 0 1
257 257 0
0.600111 -0.207063 -0.772653 0.330715
0.0376095 -0.957544 0.285823 -0.0107144
-0.799032 -0.200584 -0.566845 0.881906
-0 -0 0 1
258 258 0
0.498515 -0.175848 -0.848858 0.430074
0.00442361 -0.978681 0.20534 -0.0109421
-0.86687 -0.10612 -0.487109 0.847573
-0 -0 0 1
259 259 0
0.585655 -0.162343 -0.794137 0.540958
0.00294468 -0.979305 0.202368 -0.00703757
-0.810555 -0.120856 -0.573057 0.846885
-0 -0 0 1
260 260 0
0.739272 -0.106349 -0.664956 0.647022
0.0230749 -0.98287 0.182848 -0.000820531
-0.673011 -0.150518 -0.724155 0.858618
-0 -0 0 1
261 261 0
0.885169 -0.0423803 -0.463335 0.738525
0.0548337 -0.9794 0.19434 0.0182176
-0.462027 -0.19743 -0.864611 0.899914
-0 -0 0 1
262 262 0
0.912889 -0.00633993 -0.408159 0.813226
0.0821717 -0.976558 0.198954 0.0237069
-0.399853 -0.215162 -0.890968 0.963685
-0 -0 0 1
263 263 0
0.961575 0.0296813 -0.272933 0.897605
0.0851867 -0.977328 0.193839 0.0264109
-0.260991 -0.209641 -0.942302 0.997941
-0 -0 0 1
264 264 0
0.897566 0.0168339 -0.440558 0.97153
0.100267 -0.98088 0.166799 0.0257643
-0.429326 -0.193886 -0.882092 1.03728
-0 -0 0 1
265 265 0
0.819127 0.00668855 -0.573573 1.02804
0.0780161 -0.991939 0.0998487 0.0251206
-0.568282 -0.126537 -0.813046 1.09356
-0 -0 0 1
266 266 0
0.73622 -0.0282947 -0.676151 1.08147
0.0557077 -0.993201 0.102219 0.0432025
-0.674446 -0.112922 -0.729638 1.15926
-0 -0 0 1
267 267 0
0.664749 -0.115242 -0.738125 1.10721
0.0522935 -0.978429 0.199856 0.0510438
-0.745235 -0.171453 -0.644383 1.2348
-0 -0 0 1
268 268 0
0.697143 -0.128009 -0.705411 1.12027
0.0401598 -0.975413 0.216695 0.0655483
-0.715806 -0.179396 -0.674862 1.29393
-0 -0 0 1
269 269 0
0.732849 -0.125858 -0.66865 1.11591
0.0289509 -0.976084 0.215456 0.0571058
-0.679775 -0.177254 -0.711678 1.28539
-0 -0 0 1
270 270 0
0.746475 -0.124591 -0.653645 1.08039
0.0244255 -0.976522 0.214029 0.0468174
-0.664964 -0.175733 -0.725906 1.19449
-0 -0 0 1
271 271 0
0.600751 -0.149187 -0.785392 1.03266
0.0307648 -0.977391 0.20919 0.0362089
-0.798844 -0.149834 -0.582579 1.10503
-0 -0 0 1
272 272 0
0.502841 -0.183046 -0.844775 1.00997
0.00322173 -0.976917 0.213596 0.0310273
-0.864373 -0.110126 -0.490644 1.00319
-0 -0 0 1
273 273 0
0.416492 -0.198568 -0.88719 0.985903
-0.0127848 -0.977039 0.212676 0.024633
-0.90905 -0.0772353 -0.409467 0.913916
-0 -0 0 1
274 274 0
0.498091 -0.194651 -0.844995 0.92582
-0.0173476 -0.976521 0.214723 0.0116375
-0.866951 -0.0922929 -0.489773 0.834418
-0 -0 0 1
275 275 0
0.720304 -0.145411 -0.678246 0.872346
-0.00467974 -0.978777 0.204873 -0.000623215
-0.693642 -0.144397 -0.705698 0.770317
-0 -0 0 1
276 276 0
0.93035 -0.0131919 -0.366434 0.822915
0.0221906 -0.995495 0.0921788 -0.00801525
-0.365999 -0.09389 -0.925867 0.692804
-0 -0 0 1
277 277 0
0.960159 0.0303053 -0.277805 0.800107
0.0473932 -0.997361 0.0550016 -0.0115022
-0.275405 -0.0659763 -0.959062 0.603111
-0 -0 0 1
278 278 0
0.904792 0.0277348 -0.42495 0.861671
0.050078 -0.997883 0.0414969 -0.0138404
-0.4229 -0.0588267 -0.904265 0.523346
-0 -0 0 1
279 279 0
0.800044 0.00250176 -0.599935 0.919184
0.0418047 -0.997793 0.0515878 -0.00749472
-0.598482 -0.0663527 -0.798383 0.455855
-0 -0 0 1
280 280 0
0.596883 -0.0556125 -0.800399 0.999321
0.0345697 -0.994886 0.0949054 -0.0119668
-0.801583 -0.084317 -0.591908 0.399637
-0 -0 0 1
281 281 0
0.506765 -0.0805691 -0.858311 1.07567
0.00537996 -0.995308 0.0966054 -0.012661
-0.862068 -0.0535739 -0.503954 0.330509
-0 -0 0 1
282 282 0
0.484329 -0.0806931 -0.871157 1.15212
0.0106329 -0.995121 0.0980871 -0.012348
-0.874821 -0.0567694 -0.481108 0.357442
-0 -0 0 1
283 283 0
0.265155 -0.0791806 -0.960949 1.21943
0.00352648 -0.996536 0.083086 -0.00628409
-0.964199 -0.0254194 -0.263958 0.383305
-0 -0 0 1
284 284 0
0.2122 -0.11731 -0.97016 1.20637
-0.00823124 -0.992948 0.118265 -0.0047048
-0.977192 -0.0171102 -0.211669 0.347197
-0 -0 0 1
285 285 0
-0.011418 -0.173215 -0.984818 1.14912
-0.023523 -0.984563 0.173442 -0.00917622
-0.999658 0.0251462 0.00716722 0.28195
-0 -0 0 1
286 286 0
-0.0411298 -0.218346 -0.975004 1.17125
-0.0412185 -0.974628 0.220001 -0.0143027
-0.998303 0.0492368 0.0310863 0.192443
-0 -0 0 1
287 287 0
0.215487 -0.231204 -0.948741 1.23023
-0.0344899 -0.972763 0.229224 -0.0171815
-0.975897 -0.0166728 -0.217592 0.0991955
-0 -0 0 1
288 288 0
0.260832 -0.23107 -0.937322 1.28579
-0.020158 -0.972024 0.234015 -0.02175
-0.965174 -0.042144 -0.258193 0.0112166
-0 -0 0 1
289 289 0
0.178962 -0.229341 -0.956752 1.35451
-0.00957054 -0.972811 0.231401 -0.0249402
-0.983809 -0.0322552 -0.176291 -0.0626881
-0 -0 0 1
290 290 0
0.00155343 -0.152515 -0.9883 1.41046
-0.0237401 -0.988028 0.152436 -0.0297599
-0.999717 0.0232255 -0.00515555 -0.142634
-0 -0 0 1
291 291 0
-0.0415756 -0.125046 -0.991279 1.46067
-0.0464377 -0.990823 0.126936 -0.0270582
-0.998056 0.0513102 0.0353873 -0.232508
-0 -0 0 1
292 292 0
0.01942 -0.132699 -0.990966 1.52027
-0.0477421 -0.990146 0.131653 -0.0337079
-0.998671 0.0447541 -0.025564 -0.326008
-0 -0 0 1
293 293 0
0.0664282 -0.11614 -0.991009 1.5555
-0.0413995 -0.992668 0.113559 -0.0250493
-0.996932 0.0334838 -0.0707493 -0.422502
-0 -0 0 1
294 294 0
-0.00641167 -0.179772 -0.983687 1.58205
-0.0288066 -0.983266 0.179882 -0.0189649
-0.999564 0.02949 0.00112577 -0.51986
-0 -0 0 1
295 295 0
-0.207521 -0.193434 -0.958915 1.5849
-0.0246564 -0.978909 0.202803 -0.0239734
-0.97792 0.0657294 0.198375 -0.606798
